image_name,Type_1,Type_2,Type_3
0.jpg,0.00530107,0.988553,0.00614612
1.jpg,0.00530107,0.988553,0.00614612
2.jpg,0.977717,0.0133852,0.00889762
3.jpg,0.0149831,0.0709788,0.914038
4.jpg,0.0058307,0.0082722,0.985897
5.jpg,0.0120366,0.981859,0.0061045
6.jpg,0.00530107,0.988553,0.00614612
7.jpg,0.00530107,0.988553,0.00614612
8.jpg,0.238517,0.746687,0.0147962
9.jpg,0.00530107,0.988553,0.00614612
10.jpg,0.00530107,0.988553,0.00614612
11.jpg,0.0058307,0.0082722,0.985897
12.jpg,0.00565946,0.987396,0.00694489
13.jpg,0.00582947,0.00848224,0.985688
14.jpg,0.00530107,0.988553,0.00614612
15.jpg,0.00581962,0.0101568,0.984024
16.jpg,0.717555,0.0416231,0.240822
17.jpg,0.00530107,0.988553,0.00614612
18.jpg,0.00530107,0.988553,0.00614612
19.jpg,0.00646269,0.00826694,0.98527
20.jpg,0.974051,0.0171336,0.00881584
21.jpg,0.00530107,0.988553,0.00614612
22.jpg,0.00530107,0.988553,0.00614612
23.jpg,0.964896,0.0218316,0.0132728
24.jpg,0.00530107,0.988553,0.00614612
25.jpg,0.980329,0.0108414,0.00882975
26.jpg,0.0102828,0.983439,0.00627805
27.jpg,0.0058281,0.00871408,0.985458
28.jpg,0.00538371,0.985689,0.00892701
29.jpg,0.017787,0.0133116,0.968901
30.jpg,0.978436,0.0118844,0.00967916
31.jpg,0.00530107,0.988553,0.00614612
32.jpg,0.0088461,0.979046,0.012108
33.jpg,0.912224,0.0755168,0.0122593
34.jpg,0.00529851,0.988075,0.00662598
35.jpg,0.0310821,0.127522,0.841396
36.jpg,0.00530107,0.988553,0.00614612
37.jpg,0.214075,0.765532,0.0203932
38.jpg,0.00529314,0.987075,0.00763197
39.jpg,0.968822,0.0120208,0.0191571
40.jpg,0.0058307,0.0082722,0.985897
41.jpg,0.00952411,0.962878,0.0275974
42.jpg,0.00946952,0.98441,0.00612036
43.jpg,0.0107551,0.983133,0.00611242
44.jpg,0.081442,0.878001,0.0405572
45.jpg,0.00707497,0.0287143,0.964211
46.jpg,0.980235,0.0108931,0.00887181
47.jpg,0.980632,0.0106742,0.00869358
48.jpg,0.01581,0.0527946,0.931395
49.jpg,0.00583049,0.00830747,0.985862
50.jpg,0.00616365,0.0128425,0.980994
51.jpg,0.980632,0.0106742,0.00869358
52.jpg,0.0193007,0.200967,0.779732
53.jpg,0.631874,0.0965674,0.271558
54.jpg,0.0058307,0.0082722,0.985897
55.jpg,0.0058307,0.0082722,0.985897
56.jpg,0.005876,0.987981,0.00614257
57.jpg,0.685382,0.238669,0.0759487
58.jpg,0.00530107,0.988553,0.00614612
59.jpg,0.97721,0.0111349,0.0116549
60.jpg,0.0058307,0.0082722,0.985897
61.jpg,0.00900349,0.984873,0.00612324
62.jpg,0.0058307,0.0082722,0.985897
63.jpg,0.00530107,0.988553,0.00614612
64.jpg,0.018197,0.975737,0.00606644
65.jpg,0.980329,0.0108414,0.00882975
66.jpg,0.0119873,0.0229755,0.965037
67.jpg,0.0087097,0.0135256,0.977765
68.jpg,0.0191179,0.893144,0.0877381
69.jpg,0.0058307,0.0082722,0.985897
70.jpg,0.980632,0.0106742,0.00869358
71.jpg,0.00530107,0.988553,0.00614612
72.jpg,0.005876,0.987981,0.00614257
73.jpg,0.980632,0.0106742,0.00869358
74.jpg,0.019351,0.0324428,0.948206
75.jpg,0.935253,0.0483453,0.0164013
76.jpg,0.00599145,0.0124215,0.981587
77.jpg,0.00530107,0.988553,0.00614612
78.jpg,0.0058307,0.0082722,0.985897
79.jpg,0.980632,0.0106742,0.00869358
80.jpg,0.00529648,0.987696,0.00700738
81.jpg,0.00528709,0.985946,0.00876679
82.jpg,0.00530107,0.988553,0.00614612
83.jpg,0.0220257,0.0198948,0.95808
84.jpg,0.979643,0.0116722,0.00868481
85.jpg,0.00530107,0.988553,0.00614612
86.jpg,0.0058307,0.0082722,0.985897
87.jpg,0.00700689,0.0148557,0.978137
88.jpg,0.0600687,0.851658,0.088273
89.jpg,0.00871989,0.0123712,0.978909
90.jpg,0.980632,0.0106742,0.00869358
91.jpg,0.00530107,0.988553,0.00614612
92.jpg,0.00871989,0.0123712,0.978909
93.jpg,0.00530107,0.988553,0.00614612
94.jpg,0.0119144,0.98198,0.00610526
95.jpg,0.00529917,0.988198,0.00650277
96.jpg,0.972795,0.0176286,0.00957682
97.jpg,0.00588926,0.0083912,0.98572
98.jpg,0.0232944,0.970671,0.00603494
99.jpg,0.00639622,0.00911353,0.98449
100.jpg,0.980101,0.0110282,0.0088706
101.jpg,0.00530107,0.988553,0.00614612
102.jpg,0.00554057,0.986449,0.00801055
103.jpg,0.980632,0.0106742,0.00869358
104.jpg,0.00529084,0.986645,0.00806465
105.jpg,0.00565633,0.986849,0.00749463
106.jpg,0.005876,0.987981,0.00614257
107.jpg,0.00527308,0.983333,0.0113941
108.jpg,0.00870881,0.0136261,0.977665
109.jpg,0.0058307,0.0082722,0.985897
110.jpg,0.00530107,0.988553,0.00614612
111.jpg,0.972769,0.0184265,0.00880424
112.jpg,0.00636489,0.0139666,0.979668
113.jpg,0.0120421,0.0185104,0.969447
114.jpg,0.00530107,0.988553,0.00614612
115.jpg,0.00530107,0.988553,0.00614612
116.jpg,0.00557895,0.968494,0.025927
117.jpg,0.0233049,0.969953,0.00674247
118.jpg,0.0058307,0.0082722,0.985897
119.jpg,0.00530107,0.988553,0.00614612
120.jpg,0.00530107,0.988553,0.00614612
121.jpg,0.00530107,0.988553,0.00614612
122.jpg,0.0058307,0.0082722,0.985897
123.jpg,0.980632,0.0106742,0.00869358
124.jpg,0.0058307,0.0082722,0.985897
125.jpg,0.0314908,0.734397,0.234112
126.jpg,0.00530107,0.988553,0.00614612
127.jpg,0.00530107,0.988553,0.00614612
128.jpg,0.00530107,0.988553,0.00614612
129.jpg,0.00530107,0.988553,0.00614612
130.jpg,0.00530107,0.988553,0.00614612
131.jpg,0.0058307,0.0082722,0.985897
132.jpg,0.0058307,0.0082722,0.985897
133.jpg,0.0058307,0.0082722,0.985897
134.jpg,0.00530107,0.988553,0.00614612
135.jpg,0.00530107,0.988553,0.00614612
136.jpg,0.00530107,0.988553,0.00614612
137.jpg,0.00926405,0.983134,0.0076015
138.jpg,0.00529314,0.987075,0.00763197
139.jpg,0.00530107,0.988553,0.00614612
140.jpg,0.00530107,0.988553,0.00614612
141.jpg,0.0058307,0.0082722,0.985897
142.jpg,0.980364,0.0109446,0.0086912
143.jpg,0.00602859,0.0125522,0.981419
144.jpg,0.00530107,0.988553,0.00614612
145.jpg,0.0058307,0.0082722,0.985897
146.jpg,0.00530107,0.988553,0.00614612
147.jpg,0.00530107,0.988553,0.00614612
148.jpg,0.00530107,0.988553,0.00614612
149.jpg,0.0104453,0.0361956,0.953359
150.jpg,0.980632,0.0106742,0.00869358
151.jpg,0.010555,0.0382436,0.951201
152.jpg,0.00530107,0.988553,0.00614612
153.jpg,0.0058307,0.0082722,0.985897
154.jpg,0.979828,0.0114854,0.00868645
155.jpg,0.00627917,0.0204696,0.973251
156.jpg,0.00530107,0.988553,0.00614612
157.jpg,0.0058307,0.0082722,0.985897
158.jpg,0.0087097,0.0135256,0.977765
159.jpg,0.0552427,0.935838,0.00891947
160.jpg,0.9369,0.0475718,0.0155283
161.jpg,0.0054985,0.980451,0.0140503
162.jpg,0.00591137,0.984287,0.00980195
163.jpg,0.00530107,0.988553,0.00614612
164.jpg,0.00530107,0.988553,0.00614612
165.jpg,0.980632,0.0106742,0.00869358
166.jpg,0.959725,0.0227749,0.0174996
167.jpg,0.00871989,0.0123712,0.978909
168.jpg,0.980055,0.0110751,0.00887018
169.jpg,0.0377378,0.953177,0.00908473
170.jpg,0.00530107,0.988553,0.00614612
171.jpg,0.0149119,0.0753918,0.909696
172.jpg,0.00529917,0.988198,0.00650277
173.jpg,0.97859,0.011404,0.0100059
174.jpg,0.00530107,0.988553,0.00614612
175.jpg,0.00602891,0.0124992,0.981472
176.jpg,0.00529314,0.987075,0.00763197
177.jpg,0.00530107,0.988553,0.00614612
178.jpg,0.0058307,0.0082722,0.985897
179.jpg,0.00530107,0.988553,0.00614612
180.jpg,0.00687223,0.0161153,0.977013
181.jpg,0.979926,0.0110636,0.00901072
182.jpg,0.0058307,0.0082722,0.985897
183.jpg,0.00586994,0.986963,0.00716671
184.jpg,0.0058301,0.00837511,0.985795
185.jpg,0.0058307,0.0082722,0.985897
186.jpg,0.00530107,0.988553,0.00614612
187.jpg,0.00561558,0.979741,0.0146434
188.jpg,0.00530107,0.988553,0.00614612
189.jpg,0.0058307,0.0082722,0.985897
190.jpg,0.00565633,0.986849,0.00749463
191.jpg,0.00945543,0.982945,0.00760003
192.jpg,0.0058307,0.0082722,0.985897
193.jpg,0.980632,0.0106742,0.00869358
194.jpg,0.00530107,0.988553,0.00614612
195.jpg,0.980632,0.0106742,0.00869358
196.jpg,0.980632,0.0106742,0.00869358
197.jpg,0.00530107,0.988553,0.00614612
198.jpg,0.00600774,0.0159662,0.978026
199.jpg,0.00582396,0.00941788,0.984758
200.jpg,0.00530107,0.988553,0.00614612
201.jpg,0.00530107,0.988553,0.00614612
202.jpg,0.012695,0.981123,0.00618215
203.jpg,0.00529942,0.988244,0.00645615
204.jpg,0.0108715,0.941225,0.047903
205.jpg,0.0058307,0.0082722,0.985897
206.jpg,0.00530107,0.988553,0.00614612
207.jpg,0.00646246,0.00830219,0.985235
208.jpg,0.0058307,0.0082722,0.985897
209.jpg,0.0058307,0.0082722,0.985897
210.jpg,0.00871989,0.0123712,0.978909
211.jpg,0.00530107,0.988553,0.00614612
212.jpg,0.00927786,0.984601,0.00612155
213.jpg,0.0058307,0.0082722,0.985897
214.jpg,0.00530107,0.988553,0.00614612
215.jpg,0.0116744,0.982219,0.00610674
216.jpg,0.00530107,0.988553,0.00614612
217.jpg,0.00927786,0.984601,0.00612155
218.jpg,0.00530107,0.988553,0.00614612
219.jpg,0.00530107,0.988553,0.00614612
220.jpg,0.32092,0.66716,0.0119198
221.jpg,0.0241633,0.101303,0.874534
222.jpg,0.0058307,0.0082722,0.985897
223.jpg,0.0058307,0.0082722,0.985897
224.jpg,0.0058307,0.0082722,0.985897
225.jpg,0.00530107,0.988553,0.00614612
226.jpg,0.0148579,0.914174,0.0709686
227.jpg,0.00530107,0.988553,0.00614612
228.jpg,0.00530107,0.988553,0.00614612
229.jpg,0.00587515,0.987839,0.00628599
230.jpg,0.00530107,0.988553,0.00614612
231.jpg,0.980632,0.0106742,0.00869358
232.jpg,0.968789,0.0110382,0.0201728
233.jpg,0.005876,0.987981,0.00614257
234.jpg,0.0058307,0.0082722,0.985897
235.jpg,0.00530107,0.988553,0.00614612
236.jpg,0.00530107,0.988553,0.00614612
237.jpg,0.0167621,0.976235,0.00700324
238.jpg,0.0058307,0.0082722,0.985897
239.jpg,0.00530107,0.988553,0.00614612
240.jpg,0.0058307,0.0082722,0.985897
241.jpg,0.0184739,0.939619,0.0419072
242.jpg,0.00846532,0.972174,0.0193603
243.jpg,0.005876,0.987981,0.00614257
244.jpg,0.0058307,0.0082722,0.985897
245.jpg,0.934365,0.0532378,0.012397
246.jpg,0.00530107,0.988553,0.00614612
247.jpg,0.0052922,0.986898,0.00780989
248.jpg,0.953485,0.0270337,0.0194819
249.jpg,0.980632,0.0106742,0.00869358
250.jpg,0.00530107,0.988553,0.00614612
251.jpg,0.846323,0.132712,0.0209654
252.jpg,0.0338752,0.349105,0.617019
253.jpg,0.0058307,0.0082722,0.985897
254.jpg,0.0058307,0.0082722,0.985897
255.jpg,0.00528969,0.98643,0.00827996
256.jpg,0.0058307,0.0082722,0.985897
257.jpg,0.00529974,0.988305,0.00639546
258.jpg,0.0058307,0.0082722,0.985897
259.jpg,0.0138983,0.0390245,0.947077
260.jpg,0.980632,0.0106742,0.00869358
261.jpg,0.0107551,0.983133,0.00611242
262.jpg,0.005876,0.987981,0.00614257
263.jpg,0.00530107,0.988553,0.00614612
264.jpg,0.740725,0.112149,0.147126
265.jpg,0.0058307,0.0082722,0.985897
266.jpg,0.00602891,0.0124992,0.981472
267.jpg,0.0180789,0.972777,0.00914378
268.jpg,0.980632,0.0106742,0.00869358
269.jpg,0.00939776,0.984481,0.00612081
270.jpg,0.0058307,0.0082722,0.985897
271.jpg,0.0125133,0.981385,0.00610156
272.jpg,0.0058307,0.0082722,0.985897
273.jpg,0.00639622,0.00911353,0.98449
274.jpg,0.00529314,0.987075,0.00763197
275.jpg,0.0058307,0.0082722,0.985897
276.jpg,0.00530107,0.988553,0.00614612
277.jpg,0.005876,0.987981,0.00614257
278.jpg,0.00639308,0.00959992,0.984007
279.jpg,0.00599145,0.0124215,0.981587
280.jpg,0.005876,0.987981,0.00614257
281.jpg,0.0178798,0.97589,0.00622986
282.jpg,0.00530107,0.988553,0.00614612
283.jpg,0.0125815,0.0542397,0.933179
284.jpg,0.0058307,0.0082722,0.985897
285.jpg,0.0107551,0.983133,0.00611242
286.jpg,0.0181395,0.136491,0.845369
287.jpg,0.0058307,0.0082722,0.985897
288.jpg,0.0058281,0.00871408,0.985458
289.jpg,0.980632,0.0106742,0.00869358
290.jpg,0.005876,0.987981,0.00614257
291.jpg,0.00530107,0.988553,0.00614612
292.jpg,0.00529314,0.987075,0.00763197
293.jpg,0.980632,0.0106742,0.00869358
294.jpg,0.606847,0.259219,0.133934
295.jpg,0.00530107,0.988553,0.00614612
296.jpg,0.00530107,0.988553,0.00614612
297.jpg,0.0693626,0.908285,0.0223524
298.jpg,0.00582264,0.00964244,0.984535
299.jpg,0.980632,0.0106742,0.00869358
300.jpg,0.00786777,0.963328,0.0288047
301.jpg,0.00852817,0.0340856,0.957386
302.jpg,0.00530107,0.988553,0.00614612
303.jpg,0.980057,0.011116,0.0088273
304.jpg,0.969256,0.021296,0.00944831
305.jpg,0.00530107,0.988553,0.00614612
306.jpg,0.0058307,0.0082722,0.985897
307.jpg,0.0058307,0.0082722,0.985897
308.jpg,0.970247,0.0210428,0.00871022
309.jpg,0.0058307,0.0082722,0.985897
310.jpg,0.00852817,0.0340856,0.957386
311.jpg,0.00889426,0.0113774,0.979728
312.jpg,0.980632,0.0106742,0.00869358
313.jpg,0.0107551,0.983133,0.00611242
314.jpg,0.0107551,0.983133,0.00611242
315.jpg,0.00927786,0.984601,0.00612155
316.jpg,0.980632,0.0106742,0.00869358
317.jpg,0.980632,0.0106742,0.00869358
318.jpg,0.00530107,0.988553,0.00614612
319.jpg,0.00529314,0.987075,0.00763197
320.jpg,0.00530107,0.988553,0.00614612
321.jpg,0.00747955,0.986306,0.00621481
322.jpg,0.00554057,0.986449,0.00801055
323.jpg,0.0058307,0.0082722,0.985897
324.jpg,0.00530107,0.988553,0.00614612
325.jpg,0.0087097,0.0135256,0.977765
326.jpg,0.0058307,0.0082722,0.985897
327.jpg,0.291287,0.627807,0.080906
328.jpg,0.00583049,0.00830747,0.985862
329.jpg,0.0058307,0.0082722,0.985897
330.jpg,0.980632,0.0106742,0.00869358
331.jpg,0.980364,0.0109446,0.0086912
332.jpg,0.00997594,0.983907,0.00611724
333.jpg,0.0058307,0.0082722,0.985897
334.jpg,0.00582746,0.00882355,0.985349
335.jpg,0.0058307,0.0082722,0.985897
336.jpg,0.969256,0.021296,0.00944831
337.jpg,0.00818661,0.959418,0.0323953
338.jpg,0.00530107,0.988553,0.00614612
339.jpg,0.0058307,0.0082722,0.985897
340.jpg,0.0107551,0.983133,0.00611242
341.jpg,0.00529951,0.988262,0.00643798
342.jpg,0.980632,0.0106742,0.00869358
343.jpg,0.00677416,0.00965203,0.983574
344.jpg,0.980632,0.0106742,0.00869358
345.jpg,0.980632,0.0106742,0.00869358
346.jpg,0.005876,0.987981,0.00614257
347.jpg,0.00530107,0.988553,0.00614612
348.jpg,0.00530107,0.988553,0.00614612
349.jpg,0.0425481,0.927706,0.0297458
350.jpg,0.00530107,0.988553,0.00614612
351.jpg,0.0506284,0.688131,0.261241
352.jpg,0.00529648,0.987696,0.00700738
353.jpg,0.0058307,0.0082722,0.985897
354.jpg,0.281886,0.703447,0.014667
355.jpg,0.980632,0.0106742,0.00869358
356.jpg,0.980235,0.0108931,0.00887181
357.jpg,0.00530107,0.988553,0.00614612
358.jpg,0.0119144,0.98198,0.00610526
359.jpg,0.0058307,0.0082722,0.985897
360.jpg,0.00530107,0.988553,0.00614612
361.jpg,0.0107384,0.981608,0.00765337
362.jpg,0.00530107,0.988553,0.00614612
363.jpg,0.00565946,0.987396,0.00694489
364.jpg,0.0058307,0.0082722,0.985897
365.jpg,0.005876,0.987981,0.00614257
366.jpg,0.0058307,0.0082722,0.985897
367.jpg,0.980632,0.0106742,0.00869358
368.jpg,0.00530107,0.988553,0.00614612
369.jpg,0.00530107,0.988553,0.00614612
370.jpg,0.00530107,0.988553,0.00614612
371.jpg,0.972624,0.0185725,0.00880293
372.jpg,0.0058307,0.0082722,0.985897
373.jpg,0.00582947,0.00848224,0.985688
374.jpg,0.0100077,0.977963,0.0120291
375.jpg,0.00530107,0.988553,0.00614612
376.jpg,0.0068919,0.0132985,0.97981
377.jpg,0.978163,0.0119164,0.00992042
378.jpg,0.00530107,0.988553,0.00614612
379.jpg,0.0058307,0.0082722,0.985897
380.jpg,0.0238477,0.227348,0.748805
381.jpg,0.00530107,0.988553,0.00614612
382.jpg,0.980632,0.0106742,0.00869358
383.jpg,0.00530107,0.988553,0.00614612
384.jpg,0.00530107,0.988553,0.00614612
385.jpg,0.00529314,0.987075,0.00763197
386.jpg,0.0058307,0.0082722,0.985897
387.jpg,0.0176135,0.0131254,0.969261
388.jpg,0.0295648,0.736957,0.233478
389.jpg,0.00529314,0.987075,0.00763197
390.jpg,0.00530107,0.988553,0.00614612
391.jpg,0.00530107,0.988553,0.00614612
392.jpg,0.00530107,0.988553,0.00614612
393.jpg,0.0058307,0.0082722,0.985897
394.jpg,0.00530107,0.988553,0.00614612
395.jpg,0.948555,0.0421064,0.00933819
396.jpg,0.0119144,0.98198,0.00610526
397.jpg,0.005876,0.987981,0.00614257
398.jpg,0.00530107,0.988553,0.00614612
399.jpg,0.0200056,0.893416,0.0865785
400.jpg,0.0058307,0.0082722,0.985897
401.jpg,0.0058307,0.0082722,0.985897
402.jpg,0.980632,0.0106742,0.00869358
403.jpg,0.00530107,0.988553,0.00614612
404.jpg,0.0102146,0.983251,0.0065341
405.jpg,0.00530107,0.988553,0.00614612
406.jpg,0.980632,0.0106742,0.00869358
407.jpg,0.00530107,0.988553,0.00614612
408.jpg,0.00530107,0.988553,0.00614612
409.jpg,0.0058281,0.00871408,0.985458
410.jpg,0.0975418,0.25068,0.651778
411.jpg,0.00946952,0.98441,0.00612036
412.jpg,0.00871989,0.0123712,0.978909
413.jpg,0.00529314,0.987075,0.00763197
414.jpg,0.00870881,0.0174717,0.973819
415.jpg,0.964896,0.0218316,0.0132728
416.jpg,0.980632,0.0106742,0.00869358
417.jpg,0.0324358,0.961586,0.00597846
418.jpg,0.0058307,0.0082722,0.985897
419.jpg,0.980632,0.0106742,0.00869358
420.jpg,0.00529648,0.987696,0.00700738
421.jpg,0.00790908,0.970838,0.0212533
422.jpg,0.0058307,0.0082722,0.985897
423.jpg,0.0137892,0.0246239,0.961587
424.jpg,0.00530107,0.988553,0.00614612
425.jpg,0.0058307,0.0082722,0.985897
426.jpg,0.00601107,0.00984668,0.984142
427.jpg,0.0052915,0.986767,0.0079411
428.jpg,0.0326715,0.252096,0.715233
429.jpg,0.0058307,0.0082722,0.985897
430.jpg,0.631435,0.330706,0.037859
431.jpg,0.980632,0.0106742,0.00869358
432.jpg,0.0152045,0.013437,0.971358
433.jpg,0.0231593,0.0163386,0.960502
434.jpg,0.00530107,0.988553,0.00614612
435.jpg,0.00582396,0.00941788,0.984758
436.jpg,0.00586722,0.986505,0.00762756
437.jpg,0.005876,0.987981,0.00614257
438.jpg,0.00530107,0.988553,0.00614612
439.jpg,0.00530107,0.988553,0.00614612
440.jpg,0.0058307,0.0082722,0.985897
441.jpg,0.00530107,0.988553,0.00614612
442.jpg,0.0232944,0.970671,0.00603494
443.jpg,0.0307869,0.960063,0.00915036
444.jpg,0.00530107,0.988553,0.00614612
445.jpg,0.901625,0.0843071,0.0140682
446.jpg,0.00999208,0.981893,0.00811466
447.jpg,0.0107551,0.983133,0.00611242
448.jpg,0.00538371,0.985689,0.00892701
449.jpg,0.980329,0.0108414,0.00882975
450.jpg,0.0235578,0.0183629,0.958079
451.jpg,0.00565946,0.987396,0.00694489
452.jpg,0.00830267,0.0365802,0.955117
453.jpg,0.97935,0.0119675,0.00868222
454.jpg,0.00530107,0.988553,0.00614612
455.jpg,0.00582947,0.00848224,0.985688
456.jpg,0.0224572,0.904774,0.0727686
457.jpg,0.980632,0.0106742,0.00869358
458.jpg,0.957641,0.0222738,0.020085
459.jpg,0.00530107,0.988553,0.00614612
460.jpg,0.980632,0.0106742,0.00869358
461.jpg,0.00547794,0.982952,0.0115702
462.jpg,0.00667132,0.987109,0.00621987
463.jpg,0.00787597,0.0271755,0.964949
464.jpg,0.00530107,0.988553,0.00614612
465.jpg,0.00530107,0.988553,0.00614612
466.jpg,0.00530107,0.988553,0.00614612
467.jpg,0.980632,0.0106742,0.00869358
468.jpg,0.534368,0.438121,0.0275104
469.jpg,0.0120241,0.0522563,0.93572
470.jpg,0.0751868,0.918377,0.0064359
471.jpg,0.0119144,0.98198,0.00610526
472.jpg,0.980632,0.0106742,0.00869358
473.jpg,0.0347586,0.874374,0.0908673
474.jpg,0.0357902,0.955107,0.00910312
475.jpg,0.00529314,0.987075,0.00763197
476.jpg,0.00530107,0.988553,0.00614612
477.jpg,0.980632,0.0106742,0.00869358
478.jpg,0.00530107,0.988553,0.00614612
479.jpg,0.0058281,0.00871408,0.985458
480.jpg,0.011339,0.0227994,0.965862
481.jpg,0.00871989,0.0123712,0.978909
482.jpg,0.922147,0.065364,0.0124889
483.jpg,0.00530107,0.988553,0.00614612
484.jpg,0.0330647,0.150316,0.81662
485.jpg,0.0058307,0.0082722,0.985897
486.jpg,0.00530107,0.988553,0.00614612
487.jpg,0.929001,0.0556019,0.0153973
488.jpg,0.0304011,0.872038,0.0975606
489.jpg,0.980632,0.0106742,0.00869358
490.jpg,0.00530107,0.988553,0.00614612
491.jpg,0.00582947,0.00848224,0.985688
492.jpg,0.00787155,0.985998,0.00613024
493.jpg,0.963587,0.0267548,0.00965862
494.jpg,0.00529071,0.986621,0.00808857
495.jpg,0.00530107,0.988553,0.00614612
496.jpg,0.0117665,0.0263834,0.96185
497.jpg,0.0107551,0.983133,0.00611242
498.jpg,0.00535735,0.985759,0.00888329
499.jpg,0.00599145,0.0124215,0.981587
500.jpg,0.00530107,0.988553,0.00614612
501.jpg,0.00530107,0.988553,0.00614612
502.jpg,0.0121631,0.0328488,0.954988
503.jpg,0.00927251,0.983563,0.00716491
504.jpg,0.0101883,0.00944695,0.980365
505.jpg,0.00530107,0.988553,0.00614612
506.jpg,0.00530107,0.988553,0.00614612
507.jpg,0.0223153,0.94968,0.0280044
508.jpg,0.207618,0.750258,0.0421241
509.jpg,0.00530107,0.988553,0.00614612
510.jpg,0.0274506,0.842019,0.13053
511.jpg,0.00871989,0.0123712,0.978909
10000.jpg,0.00530107,0.988553,0.00614612
10001.jpg,0.0265388,0.846722,0.126739
10002.jpg,0.0131693,0.702787,0.284044
10003.jpg,0.796827,0.17732,0.0258528
10004.jpg,0.00530107,0.988553,0.00614612
10005.jpg,0.00530107,0.988553,0.00614612
10006.jpg,0.0141159,0.960302,0.0255818
10007.jpg,0.97097,0.0202416,0.00878796
10008.jpg,0.00822497,0.973312,0.0184627
10009.jpg,0.00530107,0.988553,0.00614612
10010.jpg,0.00740713,0.0190261,0.973567
10011.jpg,0.0097068,0.0226545,0.967639
10012.jpg,0.00570983,0.969698,0.0245923
10013.jpg,0.0058307,0.0082722,0.985897
10014.jpg,0.00530107,0.988553,0.00614612
10015.jpg,0.0058307,0.0082722,0.985897
10016.jpg,0.0135527,0.936853,0.0495946
10017.jpg,0.0292975,0.749633,0.221069
10018.jpg,0.310201,0.655776,0.0340233
10019.jpg,0.00530107,0.988553,0.00614612
10020.jpg,0.0087097,0.0135256,0.977765
10021.jpg,0.00639622,0.00911353,0.98449
10022.jpg,0.00907736,0.9848,0.00612279
10023.jpg,0.339518,0.452383,0.2081
10024.jpg,0.0136686,0.8893,0.0970317
10025.jpg,0.0201422,0.973803,0.00605442
10026.jpg,0.100758,0.861767,0.0374747
10027.jpg,0.0179789,0.0387196,0.943301
10028.jpg,0.015942,0.0682748,0.915783
10029.jpg,0.02242,0.964388,0.0131917
10030.jpg,0.0058307,0.0082722,0.985897
10031.jpg,0.012353,0.01847,0.969177
10032.jpg,0.00565633,0.986849,0.00749463
10033.jpg,0.00587059,0.987072,0.00705751
10034.jpg,0.00907736,0.9848,0.00612279
10035.jpg,0.0067654,0.985256,0.00797906
10036.jpg,0.0359598,0.955722,0.00831808
10037.jpg,0.668794,0.312013,0.0191926
10038.jpg,0.00530107,0.988553,0.00614612
10039.jpg,0.962907,0.0238475,0.0132454
10040.jpg,0.317179,0.145563,0.537258
10041.jpg,0.005876,0.987981,0.00614257
10042.jpg,0.0058307,0.0082722,0.985897
10043.jpg,0.182537,0.800608,0.0168553
10044.jpg,0.980262,0.0108782,0.00885971
10045.jpg,0.00578887,0.987648,0.00656332
10046.jpg,0.908496,0.071278,0.0202261
10047.jpg,0.0107551,0.983133,0.00611242
10048.jpg,0.0058307,0.0082722,0.985897
10049.jpg,0.00871989,0.0123712,0.978909
10050.jpg,0.0107551,0.983133,0.00611242
10051.jpg,0.0149119,0.0753918,0.909696
10052.jpg,0.0104977,0.0456529,0.943849
10053.jpg,0.0275273,0.164834,0.807639
10054.jpg,0.0058307,0.0082722,0.985897
10055.jpg,0.0162186,0.867597,0.116184
10056.jpg,0.00530107,0.988553,0.00614612
10057.jpg,0.00530107,0.988553,0.00614612
10058.jpg,0.980632,0.0106742,0.00869358
10059.jpg,0.0145194,0.0733199,0.912161
10060.jpg,0.00930214,0.984576,0.0061214
10061.jpg,0.00529648,0.987696,0.00700738
10062.jpg,0.0143312,0.118123,0.867546
10063.jpg,0.0311808,0.959673,0.00914664
10064.jpg,0.00530107,0.988553,0.00614612
10065.jpg,0.183956,0.798986,0.0170575
10066.jpg,0.0058307,0.0082722,0.985897
10067.jpg,0.980632,0.0106742,0.00869358
10068.jpg,0.0396807,0.208829,0.75149
10069.jpg,0.0330926,0.960524,0.00638307
10070.jpg,0.972474,0.018724,0.00880157
10071.jpg,0.00530107,0.988553,0.00614612
10072.jpg,0.00554057,0.986449,0.00801055
10073.jpg,0.154722,0.835384,0.00989437
10074.jpg,0.619455,0.361897,0.0186474
10075.jpg,0.980632,0.0106742,0.00869358
10076.jpg,0.0102007,0.00823584,0.981563
10077.jpg,0.0058281,0.00871408,0.985458
10078.jpg,0.281523,0.706952,0.0115249
10079.jpg,0.0058307,0.0082722,0.985897
10080.jpg,0.00747955,0.986306,0.00621481
10081.jpg,0.980329,0.0108414,0.00882975
10082.jpg,0.645496,0.043199,0.311305
10083.jpg,0.0058307,0.0082722,0.985897
10084.jpg,0.005876,0.987981,0.00614257
10085.jpg,0.00530107,0.988553,0.00614612
10086.jpg,0.005876,0.987981,0.00614257
10087.jpg,0.00745815,0.983511,0.009031
10088.jpg,0.0235439,0.708362,0.268095
10089.jpg,0.0137122,0.963579,0.0227089
10090.jpg,0.162148,0.804795,0.0330577
10091.jpg,0.00529974,0.988305,0.00639546
10092.jpg,0.00547645,0.982685,0.0118388
10093.jpg,0.00530107,0.988553,0.00614612
10094.jpg,0.00530107,0.988553,0.00614612
10095.jpg,0.00639622,0.00911353,0.98449
10096.jpg,0.980632,0.0106742,0.00869358
10097.jpg,0.0231046,0.970778,0.00611697
10098.jpg,0.00946952,0.98441,0.00612036
10099.jpg,0.00530107,0.988553,0.00614612
10100.jpg,0.00530107,0.988553,0.00614612
10101.jpg,0.0804671,0.568503,0.351029
10102.jpg,0.0137993,0.943381,0.0428196
10103.jpg,0.0058307,0.0082722,0.985897
10104.jpg,0.00919516,0.0191589,0.971646
10105.jpg,0.0111115,0.00871821,0.98017
10106.jpg,0.0176086,0.0134042,0.968987
10107.jpg,0.0115095,0.0348085,0.953682
10108.jpg,0.0416544,0.945958,0.012388
10109.jpg,0.0184543,0.847617,0.133929
10110.jpg,0.0058307,0.0082722,0.985897
10111.jpg,0.0712959,0.919936,0.00876791
10112.jpg,0.0053003,0.98841,0.00628963
10113.jpg,0.00599113,0.0124742,0.981535
10114.jpg,0.588174,0.375997,0.0358287
10115.jpg,0.0538233,0.755011,0.191165
10116.jpg,0.00530107,0.988553,0.00614612
10117.jpg,0.976771,0.0141537,0.00907492
10118.jpg,0.875006,0.105795,0.0191989
10119.jpg,0.977236,0.0138703,0.00889324
10120.jpg,0.932841,0.057321,0.009838
10121.jpg,0.0202102,0.177518,0.802272
10122.jpg,0.356062,0.62971,0.0142271
10123.jpg,0.005876,0.987981,0.00614257
10124.jpg,0.00530107,0.988553,0.00614612
10125.jpg,0.022125,0.177751,0.800124
10126.jpg,0.00530107,0.988553,0.00614612
10127.jpg,0.00530107,0.988553,0.00614612
10128.jpg,0.00808186,0.974759,0.017159
10129.jpg,0.101665,0.853498,0.0448371
10130.jpg,0.00848254,0.96486,0.0266569
10131.jpg,0.00530107,0.988553,0.00614612
10132.jpg,0.980632,0.0106742,0.00869358
10133.jpg,0.0107551,0.983133,0.00611242
10134.jpg,0.0058307,0.0082722,0.985897
10135.jpg,0.0058307,0.0082722,0.985897
10136.jpg,0.980632,0.0106742,0.00869358
10137.jpg,0.00823485,0.965072,0.0266932
10138.jpg,0.00530107,0.988553,0.00614612
10139.jpg,0.0058307,0.0082722,0.985897
10140.jpg,0.0286868,0.962225,0.00908853
10141.jpg,0.771478,0.215832,0.0126897
10142.jpg,0.00899008,0.983406,0.0076036
10143.jpg,0.469766,0.148794,0.381441
10144.jpg,0.00530107,0.988553,0.00614612
10145.jpg,0.0333249,0.868855,0.0978205
10146.jpg,0.414344,0.575324,0.0103325
10147.jpg,0.00530107,0.988553,0.00614612
10148.jpg,0.0058307,0.0082722,0.985897
10149.jpg,0.00530107,0.988553,0.00614612
10150.jpg,0.00530107,0.988553,0.00614612
10151.jpg,0.100338,0.873644,0.0260179
10152.jpg,0.020122,0.895962,0.0839157
10153.jpg,0.0550375,0.422632,0.522331
10154.jpg,0.980632,0.0106742,0.00869358
10155.jpg,0.00530107,0.988553,0.00614612
10156.jpg,0.00527308,0.983333,0.0113941
10157.jpg,0.980632,0.0106742,0.00869358
10158.jpg,0.00530107,0.988553,0.00614612
10159.jpg,0.980632,0.0106742,0.00869358
10160.jpg,0.00529942,0.988244,0.00645615
10161.jpg,0.0058307,0.0082722,0.985897
10162.jpg,0.969777,0.021402,0.00882098
10163.jpg,0.155055,0.830687,0.0142583
10164.jpg,0.0058307,0.0082722,0.985897
10165.jpg,0.0058307,0.0082722,0.985897
10166.jpg,0.0107551,0.983133,0.00611242
10167.jpg,0.00798459,0.903878,0.088137
10168.jpg,0.00542858,0.985931,0.00864081
10169.jpg,0.980632,0.0106742,0.00869358
10170.jpg,0.0058307,0.0082722,0.985897
10171.jpg,0.0087097,0.0135256,0.977765
10172.jpg,0.02571,0.13017,0.84412
10173.jpg,0.082066,0.906678,0.0112562
10174.jpg,0.00675169,0.0150705,0.978178
10175.jpg,0.13905,0.789558,0.0713913
10176.jpg,0.313337,0.29739,0.389272
10177.jpg,0.0115559,0.982337,0.00610747
10178.jpg,0.00530107,0.988553,0.00614612
10179.jpg,0.0058307,0.0082722,0.985897
10180.jpg,0.0307751,0.919825,0.0494003
10181.jpg,0.978944,0.0112153,0.00984038
10182.jpg,0.155215,0.836809,0.00797562
10183.jpg,0.00615272,0.0145935,0.979254
10184.jpg,0.00530107,0.988553,0.00614612
10185.jpg,0.497413,0.369762,0.132826
10186.jpg,0.005876,0.987981,0.00614257
10187.jpg,0.0114816,0.11351,0.875009
10188.jpg,0.00835527,0.919921,0.0717235
10189.jpg,0.00639622,0.00911353,0.98449
10190.jpg,0.00593662,0.987921,0.00614219
10191.jpg,0.883684,0.0957693,0.0205468
10192.jpg,0.00796186,0.97883,0.0132078
10193.jpg,0.978904,0.0120116,0.00908444
10194.jpg,0.0500104,0.938226,0.0117632
10195.jpg,0.0058307,0.0082722,0.985897
10196.jpg,0.0125883,0.979318,0.00809338
10197.jpg,0.00900349,0.984873,0.00612324
10198.jpg,0.0168026,0.788723,0.194474
10199.jpg,0.7311,0.252948,0.0159525
10200.jpg,0.00529951,0.988262,0.00643798
10201.jpg,0.00530107,0.988553,0.00614612
10202.jpg,0.00601107,0.00984668,0.984142
10203.jpg,0.0260089,0.194596,0.779395
10204.jpg,0.00530107,0.988553,0.00614612
10205.jpg,0.980632,0.0106742,0.00869358
10206.jpg,0.00530107,0.988553,0.00614612
10207.jpg,0.00530107,0.988553,0.00614612
10208.jpg,0.00530107,0.988553,0.00614612
10209.jpg,0.0162386,0.011293,0.972468
10210.jpg,0.0213403,0.790552,0.188108
10211.jpg,0.00529951,0.988262,0.00643798
10212.jpg,0.00530107,0.988553,0.00614612
10213.jpg,0.00526957,0.982679,0.0120516
10214.jpg,0.00530107,0.988553,0.00614612
10215.jpg,0.0058307,0.0082722,0.985897
10216.jpg,0.00530107,0.988553,0.00614612
10217.jpg,0.00530107,0.988553,0.00614612
10218.jpg,0.00530107,0.988553,0.00614612
10219.jpg,0.980632,0.0106742,0.00869358
10220.jpg,0.0167644,0.976368,0.00686733
10221.jpg,0.486172,0.448226,0.0656025
10222.jpg,0.00588926,0.0083912,0.98572
10223.jpg,0.0058307,0.0082722,0.985897
10224.jpg,0.00529974,0.988305,0.00639546
10225.jpg,0.00871989,0.0123712,0.978909
10226.jpg,0.0058307,0.0082722,0.985897
10227.jpg,0.0058307,0.0082722,0.985897
10228.jpg,0.00530107,0.988553,0.00614612
10229.jpg,0.00530107,0.988553,0.00614612
10230.jpg,0.0119144,0.98198,0.00610526
10231.jpg,0.0889633,0.543989,0.367047
10232.jpg,0.0188928,0.918261,0.0628463
10233.jpg,0.976384,0.014004,0.00961215
10234.jpg,0.0529905,0.371905,0.575104
10235.jpg,0.0309714,0.864385,0.104644
10236.jpg,0.0058307,0.0082722,0.985897
10237.jpg,0.0184071,0.0281431,0.95345
10238.jpg,0.00530107,0.988553,0.00614612
10239.jpg,0.00529314,0.987075,0.00763197
10240.jpg,0.0107433,0.0410235,0.948233
10241.jpg,0.00582947,0.00848224,0.985688
10242.jpg,0.0213873,0.251417,0.727195
10243.jpg,0.070113,0.921108,0.00877908
10244.jpg,0.0058281,0.00871408,0.985458
10245.jpg,0.0360375,0.287519,0.676444
10246.jpg,0.00528937,0.986371,0.00833963
10247.jpg,0.978904,0.0120116,0.00908444
10248.jpg,0.00867526,0.0212577,0.970067
10249.jpg,0.053191,0.91703,0.0297787
10250.jpg,0.00529314,0.987075,0.00763197
10251.jpg,0.563588,0.0736221,0.36279
10252.jpg,0.00530107,0.988553,0.00614612
10253.jpg,0.00530107,0.988553,0.00614612
10254.jpg,0.005876,0.987981,0.00614257
10255.jpg,0.00529314,0.987075,0.00763197
10256.jpg,0.0108339,0.0389382,0.950228
10257.jpg,0.0058307,0.0082722,0.985897
10258.jpg,0.107877,0.850689,0.0414339
10259.jpg,0.00802639,0.0113873,0.980586
10260.jpg,0.0058307,0.0082722,0.985897
10261.jpg,0.0867018,0.848846,0.0644518
10262.jpg,0.00530107,0.988553,0.00614612
10263.jpg,0.980632,0.0106742,0.00869358
10264.jpg,0.005876,0.987981,0.00614257
10265.jpg,0.0058307,0.0082722,0.985897
10266.jpg,0.00530107,0.988553,0.00614612
10267.jpg,0.00530107,0.988553,0.00614612
10268.jpg,0.979828,0.0114854,0.00868645
10269.jpg,0.852045,0.136009,0.0119465
10270.jpg,0.419583,0.561737,0.0186805
10271.jpg,0.00530107,0.988553,0.00614612
10272.jpg,0.00529648,0.987696,0.00700738
10273.jpg,0.00530107,0.988553,0.00614612
10274.jpg,0.932196,0.0514558,0.0163477
10275.jpg,0.502195,0.455016,0.0427892
10276.jpg,0.00530107,0.988553,0.00614612
10277.jpg,0.936026,0.0371,0.0268742
10278.jpg,0.960257,0.0265339,0.013209
10279.jpg,0.0328855,0.28679,0.680324
10280.jpg,0.0107551,0.983133,0.00611242
10281.jpg,0.218517,0.671641,0.109842
10282.jpg,0.00646269,0.00826694,0.98527
10283.jpg,0.00946952,0.98441,0.00612036
10284.jpg,0.0119132,0.0416171,0.94647
10285.jpg,0.0058307,0.0082722,0.985897
10286.jpg,0.674364,0.271081,0.0545545
10287.jpg,0.0107551,0.983133,0.00611242
10288.jpg,0.0115095,0.0348085,0.953682
10289.jpg,0.0102518,0.97109,0.0186583
10290.jpg,0.190373,0.712148,0.0974789
10291.jpg,0.00530107,0.988553,0.00614612
10292.jpg,0.00596814,0.00903657,0.984995
10293.jpg,0.0165655,0.971993,0.0114412
10294.jpg,0.0337698,0.508396,0.457834
10295.jpg,0.0399799,0.897856,0.0621639
10296.jpg,0.0116744,0.982219,0.00610674
10297.jpg,0.42669,0.554828,0.018482
10298.jpg,0.461083,0.455943,0.0829733
10299.jpg,0.00529648,0.987696,0.00700738
10300.jpg,0.00530107,0.988553,0.00614612
10301.jpg,0.0163658,0.97443,0.00920381
10302.jpg,0.0058307,0.0082722,0.985897
10303.jpg,0.0109701,0.0155637,0.973466
10304.jpg,0.0058307,0.0082722,0.985897
10305.jpg,0.005876,0.987981,0.00614257
10306.jpg,0.0119144,0.98198,0.00610526
10307.jpg,0.953531,0.0176564,0.0288123
10308.jpg,0.0058307,0.0082722,0.985897
10309.jpg,0.015671,0.0629582,0.921371
10310.jpg,0.0323785,0.677966,0.289656
10311.jpg,0.0119873,0.0229755,0.965037
10312.jpg,0.00530107,0.988553,0.00614612
10313.jpg,0.0131142,0.893789,0.0930964
10314.jpg,0.00530107,0.988553,0.00614612
10315.jpg,0.0053003,0.98841,0.00628963
10316.jpg,0.00553693,0.9858,0.00866306
10317.jpg,0.00530107,0.988553,0.00614612
10318.jpg,0.0058281,0.00871408,0.985458
10319.jpg,0.00536698,0.987532,0.00710066
10320.jpg,0.00565946,0.987396,0.00694489
10321.jpg,0.00530107,0.988553,0.00614612
10322.jpg,0.00582355,0.0094886,0.984688
10323.jpg,0.00802639,0.0113873,0.980586
10324.jpg,0.00530107,0.988553,0.00614612
10325.jpg,0.0058307,0.0082722,0.985897
10326.jpg,0.0317934,0.772538,0.195669
10327.jpg,0.970607,0.0207879,0.00860471
10328.jpg,0.00529314,0.987075,0.00763197
10329.jpg,0.00530107,0.988553,0.00614612
10330.jpg,0.0058307,0.0082722,0.985897
10331.jpg,0.00530107,0.988553,0.00614612
10332.jpg,0.0058307,0.0082722,0.985897
10333.jpg,0.0058307,0.0082722,0.985897
10334.jpg,0.0053003,0.98841,0.00628963
10335.jpg,0.00913228,0.982452,0.00841591
10336.jpg,0.974051,0.0171336,0.00881584
10337.jpg,0.038763,0.952162,0.00907505
10338.jpg,0.00900349,0.984873,0.00612324
10339.jpg,0.673253,0.302491,0.0242562
10340.jpg,0.980632,0.0106742,0.00869358
10341.jpg,0.0227502,0.967984,0.00926617
10342.jpg,0.0188241,0.948901,0.032275
10343.jpg,0.974445,0.0154379,0.010117
10344.jpg,0.0105471,0.0389652,0.950488
10345.jpg,0.0058307,0.0082722,0.985897
10346.jpg,0.00530107,0.988553,0.00614612
10347.jpg,0.00530107,0.988553,0.00614612
10348.jpg,0.0275837,0.59318,0.379236
10349.jpg,0.00530107,0.988553,0.00614612
10350.jpg,0.00899418,0.0225919,0.968414
10351.jpg,0.00529314,0.987075,0.00763197
10352.jpg,0.976272,0.0140704,0.00965775
10353.jpg,0.0058307,0.0082722,0.985897
10354.jpg,0.00530107,0.988553,0.00614612
10355.jpg,0.00536698,0.987532,0.00710066
10356.jpg,0.0058307,0.0082722,0.985897
10357.jpg,0.0586536,0.91174,0.0296069
10358.jpg,0.0351838,0.22897,0.735846
10359.jpg,0.00530107,0.988553,0.00614612
10360.jpg,0.00529314,0.987075,0.00763197
10361.jpg,0.00530107,0.988553,0.00614612
10362.jpg,0.00946952,0.98441,0.00612036
10363.jpg,0.00560483,0.984617,0.00977803
10364.jpg,0.960646,0.0278328,0.0115208
10365.jpg,0.00529648,0.987696,0.00700738
10366.jpg,0.00871665,0.0127378,0.978546
10367.jpg,0.969256,0.021296,0.00944831
10368.jpg,0.00530107,0.988553,0.00614612
10369.jpg,0.536341,0.437797,0.0258612
10370.jpg,0.864635,0.11873,0.0166349
10371.jpg,0.978097,0.0132316,0.00867111
10372.jpg,0.00530107,0.988553,0.00614612
10373.jpg,0.0303347,0.121348,0.848317
10374.jpg,0.00530107,0.988553,0.00614612
10375.jpg,0.00530107,0.988553,0.00614612
10376.jpg,0.980632,0.0106742,0.00869358
10377.jpg,0.0683133,0.843942,0.0877451
10378.jpg,0.0058307,0.0082722,0.985897
10379.jpg,0.0058307,0.0082722,0.985897
10380.jpg,0.00530107,0.988553,0.00614612
10381.jpg,0.0120073,0.0213501,0.966643
10382.jpg,0.00530107,0.988553,0.00614612
10383.jpg,0.00530107,0.988553,0.00614612
10384.jpg,0.922147,0.065364,0.0124889
10385.jpg,0.979828,0.0114854,0.00868645
10386.jpg,0.0058307,0.0082722,0.985897
10387.jpg,0.0191908,0.810753,0.170056
10388.jpg,0.00530107,0.988553,0.00614612
10389.jpg,0.0168852,0.93473,0.0483845
10390.jpg,0.252785,0.678339,0.0688753
10391.jpg,0.0058307,0.0082722,0.985897
10392.jpg,0.0372691,0.0111212,0.95161
10393.jpg,0.0113938,0.0428645,0.945742
10394.jpg,0.00656281,0.0147052,0.978732
10395.jpg,0.00530107,0.988553,0.00614612
10396.jpg,0.980632,0.0106742,0.00869358
10397.jpg,0.00529314,0.987075,0.00763197
10398.jpg,0.0115559,0.982337,0.00610747
10399.jpg,0.0279253,0.905539,0.0665354
10400.jpg,0.00530107,0.988553,0.00614612
10401.jpg,0.345151,0.648107,0.00674175
10402.jpg,0.980632,0.0106742,0.00869358
10403.jpg,0.0058281,0.00871408,0.985458
10404.jpg,0.00525424,0.97982,0.0149262
10405.jpg,0.0246158,0.964515,0.0108691
10406.jpg,0.0107551,0.983133,0.00611242
10407.jpg,0.980632,0.0106742,0.00869358
10408.jpg,0.00530107,0.988553,0.00614612
10409.jpg,0.0693626,0.908285,0.0223524
10410.jpg,0.00530107,0.988553,0.00614612
10411.jpg,0.00530107,0.988553,0.00614612
10412.jpg,0.980632,0.0106742,0.00869358
10413.jpg,0.0058307,0.0082722,0.985897
10414.jpg,0.0235345,0.768007,0.208458
10415.jpg,0.00530107,0.988553,0.00614612
10416.jpg,0.0058307,0.0082722,0.985897
10417.jpg,0.00530107,0.988553,0.00614612
10418.jpg,0.00530107,0.988553,0.00614612
10419.jpg,0.0174382,0.117044,0.865518
10420.jpg,0.980632,0.0106742,0.00869358
10421.jpg,0.00530107,0.988553,0.00614612
10422.jpg,0.030577,0.960271,0.00915234
10423.jpg,0.0107551,0.983133,0.00611242
10424.jpg,0.0058307,0.0082722,0.985897
10425.jpg,0.00530107,0.988553,0.00614612
10426.jpg,0.0199654,0.973898,0.00613663
10427.jpg,0.0080255,0.974814,0.01716
10428.jpg,0.005876,0.987981,0.00614257
10429.jpg,0.860399,0.12813,0.0114711
10430.jpg,0.529074,0.326293,0.144633
10431.jpg,0.288249,0.696274,0.015477
10432.jpg,0.00602891,0.0124992,0.981472
10433.jpg,0.00530107,0.988553,0.00614612
10434.jpg,0.0058307,0.0082722,0.985897
10435.jpg,0.0058307,0.0082722,0.985897
10436.jpg,0.046034,0.940879,0.013087
10437.jpg,0.00530107,0.988553,0.00614612
10438.jpg,0.0058307,0.0082722,0.985897
10439.jpg,0.00532956,0.956326,0.0383446
10440.jpg,0.00955887,0.0136198,0.976821
10441.jpg,0.0380292,0.952889,0.00908198
10442.jpg,0.0105583,0.0379476,0.951494
10443.jpg,0.0206541,0.0237093,0.955637
10444.jpg,0.00547794,0.982952,0.0115702
10445.jpg,0.980632,0.0106742,0.00869358
10446.jpg,0.980632,0.0106742,0.00869358
10447.jpg,0.0107391,0.981671,0.00759018
10448.jpg,0.0162145,0.0891269,0.894659
10449.jpg,0.00530107,0.988553,0.00614612
10450.jpg,0.00948606,0.982557,0.00795721
10451.jpg,0.980632,0.0106742,0.00869358
10452.jpg,0.0107551,0.983133,0.00611242
10453.jpg,0.13116,0.84749,0.0213502
10454.jpg,0.968633,0.0217275,0.00963972
10455.jpg,0.00530107,0.988553,0.00614612
10456.jpg,0.00599145,0.0124215,0.981587
10457.jpg,0.980632,0.0106742,0.00869358
10458.jpg,0.00995879,0.982562,0.00747946
10459.jpg,0.0058307,0.0082722,0.985897
10460.jpg,0.0582485,0.119722,0.822029
10461.jpg,0.00927786,0.984601,0.00612155
10462.jpg,0.0058307,0.0082722,0.985897
10463.jpg,0.00530107,0.988553,0.00614612
10464.jpg,0.0263974,0.282448,0.691155
10465.jpg,0.054103,0.415456,0.530441
10466.jpg,0.00599145,0.0124215,0.981587
10467.jpg,0.892428,0.0936284,0.0139441
10468.jpg,0.00529314,0.987075,0.00763197
10469.jpg,0.0058307,0.0082722,0.985897
10470.jpg,0.0108339,0.0389382,0.950228
10471.jpg,0.00871218,0.0132443,0.978044
10472.jpg,0.0117489,0.982145,0.00610628
10473.jpg,0.00530107,0.988553,0.00614612
10474.jpg,0.00582947,0.00848224,0.985688
10475.jpg,0.114997,0.863718,0.0212854
10476.jpg,0.963485,0.0187183,0.0177963
10477.jpg,0.0087097,0.0135256,0.977765
10478.jpg,0.0139105,0.0116983,0.974391
10479.jpg,0.0879463,0.903443,0.00861071
10480.jpg,0.00528745,0.986013,0.00869962
10481.jpg,0.0058307,0.0082722,0.985897
10482.jpg,0.0058307,0.0082722,0.985897
10483.jpg,0.00565946,0.987396,0.00694489
10484.jpg,0.005876,0.987981,0.00614257
10485.jpg,0.974051,0.0171336,0.00881584
10486.jpg,0.309017,0.676724,0.0142595
10487.jpg,0.0189809,0.514288,0.466732
10488.jpg,0.005876,0.987981,0.00614257
10489.jpg,0.0173133,0.973758,0.00892902
10490.jpg,0.00530107,0.988553,0.00614612
10491.jpg,0.843668,0.135911,0.0204204
10492.jpg,0.00630217,0.985289,0.00840843
10493.jpg,0.00530107,0.988553,0.00614612
10494.jpg,0.0637296,0.921545,0.0147257
10495.jpg,0.930397,0.0570176,0.012585
10496.jpg,0.053483,0.705891,0.240626
10497.jpg,0.0087097,0.0135256,0.977765
10498.jpg,0.0162386,0.011293,0.972468
10499.jpg,0.00530107,0.988553,0.00614612
10500.jpg,0.0343538,0.958621,0.0070251
10501.jpg,0.00530107,0.988553,0.00614612
10502.jpg,0.0058307,0.0082722,0.985897
10503.jpg,0.0087097,0.0135256,0.977765
10504.jpg,0.0173133,0.973758,0.00892902
10505.jpg,0.0058307,0.0082722,0.985897
10506.jpg,0.979828,0.0114854,0.00868645
10507.jpg,0.0119109,0.981694,0.00639519
10508.jpg,0.334053,0.631018,0.0349286
10509.jpg,0.00530107,0.988553,0.00614612
10510.jpg,0.0128536,0.0135857,0.973561
10511.jpg,0.00580853,0.0120423,0.982149
10512.jpg,0.0299714,0.864626,0.105403
10513.jpg,0.00946952,0.98441,0.00612036
10514.jpg,0.969056,0.0107656,0.0201784
10515.jpg,0.0166613,0.870425,0.112914
10516.jpg,0.00530107,0.988553,0.00614612
10517.jpg,0.0058307,0.0082722,0.985897
10518.jpg,0.0123468,0.0717803,0.915873
10519.jpg,0.00530107,0.988553,0.00614612
10520.jpg,0.00635026,0.0162329,0.977417
10521.jpg,0.0362652,0.131364,0.832371
10522.jpg,0.00530107,0.988553,0.00614612
10523.jpg,0.0186705,0.821314,0.160015
