image_name,Type_1,Type_2,Type_3
0.jpg,0.00369645,0.992135,0.00416866
1.jpg,0.00369645,0.992135,0.00416866
2.jpg,0.933199,0.0493631,0.0174378
3.jpg,0.011068,0.0331392,0.955793
4.jpg,0.00497668,0.00741704,0.987606
5.jpg,0.0258014,0.968967,0.00523177
6.jpg,0.00369645,0.992135,0.00416866
7.jpg,0.00369645,0.992135,0.00416866
8.jpg,0.204633,0.774123,0.0212436
9.jpg,0.00369645,0.992135,0.00416866
10.jpg,0.00369645,0.992135,0.00416866
11.jpg,0.00497668,0.00741704,0.987606
12.jpg,0.0050163,0.988234,0.00675001
13.jpg,0.00569591,0.00848895,0.985815
14.jpg,0.00369645,0.992135,0.00416866
15.jpg,0.00497668,0.00741704,0.987606
16.jpg,0.968606,0.010041,0.0213528
17.jpg,0.00409154,0.991741,0.00416701
18.jpg,0.00369645,0.992135,0.00416866
19.jpg,0.00497668,0.00741704,0.987606
20.jpg,0.982068,0.0105077,0.00742475
21.jpg,0.00369645,0.992135,0.00416866
22.jpg,0.00369645,0.992135,0.00416866
23.jpg,0.972019,0.0164487,0.0115318
24.jpg,0.00369645,0.992135,0.00416866
25.jpg,0.982709,0.00986093,0.0074296
26.jpg,0.00529821,0.99054,0.00416196
27.jpg,0.00497668,0.00741704,0.987606
28.jpg,0.00545909,0.974562,0.0199789
29.jpg,0.0135073,0.00759864,0.978894
30.jpg,0.982709,0.00986093,0.0074296
31.jpg,0.00382189,0.99201,0.00416814
32.jpg,0.00545484,0.988473,0.00607213
33.jpg,0.921231,0.0686104,0.0101588
34.jpg,0.0036803,0.9878,0.00851935
35.jpg,0.00945763,0.0453088,0.945234
36.jpg,0.00395729,0.991875,0.00416757
37.jpg,0.187694,0.79437,0.0179357
38.jpg,0.0061295,0.974416,0.0194547
39.jpg,0.971075,0.0213403,0.00758456
40.jpg,0.00497668,0.00741704,0.987606
41.jpg,0.0102539,0.969268,0.0204778
42.jpg,0.00716514,0.988681,0.00415415
43.jpg,0.00369645,0.992135,0.00416866
44.jpg,0.258216,0.719892,0.0218918
45.jpg,0.00915506,0.0225472,0.968298
46.jpg,0.982709,0.00986093,0.0074296
47.jpg,0.982709,0.00986093,0.0074296
48.jpg,0.0429806,0.256217,0.700803
49.jpg,0.00497668,0.00741704,0.987606
50.jpg,0.00497617,0.00751995,0.987504
51.jpg,0.982709,0.00986093,0.0074296
52.jpg,0.0213333,0.155762,0.822905
53.jpg,0.490465,0.0539946,0.45554
54.jpg,0.00497668,0.00741704,0.987606
55.jpg,0.00497668,0.00741704,0.987606
56.jpg,0.00369645,0.992135,0.00416866
57.jpg,0.0444566,0.930277,0.0252659
58.jpg,0.00369645,0.992135,0.00416866
59.jpg,0.982709,0.00986093,0.0074296
60.jpg,0.00497668,0.00741704,0.987606
61.jpg,0.00369645,0.992135,0.00416866
62.jpg,0.00497668,0.00741704,0.987606
63.jpg,0.00369645,0.992135,0.00416866
64.jpg,0.00369645,0.992135,0.00416866
65.jpg,0.982709,0.00986093,0.0074296
66.jpg,0.00497549,0.00765403,0.98737
67.jpg,0.00742923,0.0200794,0.972491
68.jpg,0.00832595,0.97703,0.0146442
69.jpg,0.00497668,0.00741704,0.987606
70.jpg,0.982709,0.00986093,0.0074296
71.jpg,0.00369645,0.992135,0.00416866
72.jpg,0.00395729,0.991875,0.00416757
73.jpg,0.982709,0.00986093,0.0074296
74.jpg,0.0058888,0.0084873,0.985624
75.jpg,0.974333,0.0183012,0.00736627
76.jpg,0.00497668,0.00741704,0.987606
77.jpg,0.00395729,0.991875,0.00416757
78.jpg,0.00497668,0.00741704,0.987606
79.jpg,0.982709,0.00986093,0.0074296
80.jpg,0.00369645,0.992135,0.00416866
81.jpg,0.00409154,0.991741,0.00416701
82.jpg,0.00369645,0.992135,0.00416866
83.jpg,0.0218924,0.0206926,0.957415
84.jpg,0.9669,0.0257894,0.00731008
85.jpg,0.00369645,0.992135,0.00416866
86.jpg,0.00497668,0.00741704,0.987606
87.jpg,0.0092008,0.0176632,0.973136
88.jpg,0.0253183,0.949357,0.025325
89.jpg,0.00497668,0.00741704,0.987606
90.jpg,0.982709,0.00986093,0.0074296
91.jpg,0.00382189,0.99201,0.00416814
92.jpg,0.00497668,0.00741704,0.987606
93.jpg,0.00369645,0.992135,0.00416866
94.jpg,0.00369645,0.992135,0.00416866
95.jpg,0.00473943,0.989916,0.00534488
96.jpg,0.981796,0.0107814,0.0074227
97.jpg,0.00497668,0.00741704,0.987606
98.jpg,0.0148927,0.979253,0.0058544
99.jpg,0.00923059,0.0144831,0.976286
100.jpg,0.982709,0.00986093,0.0074296
101.jpg,0.00369645,0.992135,0.00416866
102.jpg,0.00619374,0.984629,0.00917695
103.jpg,0.982709,0.00986093,0.0074296
104.jpg,0.00792444,0.980334,0.0117412
105.jpg,0.00514307,0.980652,0.0142054
106.jpg,0.00545573,0.988634,0.00591048
107.jpg,0.00369645,0.992135,0.00416866
108.jpg,0.00530302,0.0079034,0.986794
109.jpg,0.00497668,0.00741704,0.987606
110.jpg,0.00369645,0.992135,0.00416866
111.jpg,0.981985,0.0105903,0.00742413
112.jpg,0.0092008,0.0176632,0.973136
113.jpg,0.00497668,0.00741704,0.987606
114.jpg,0.00369645,0.992135,0.00416866
115.jpg,0.00369645,0.992135,0.00416866
116.jpg,0.00784054,0.960127,0.0320327
117.jpg,0.0614054,0.930216,0.0083789
118.jpg,0.00497668,0.00741704,0.987606
119.jpg,0.00369645,0.992135,0.00416866
120.jpg,0.00369645,0.992135,0.00416866
121.jpg,0.00369645,0.992135,0.00416866
122.jpg,0.00497668,0.00741704,0.987606
123.jpg,0.982709,0.00986093,0.0074296
124.jpg,0.00497668,0.00741704,0.987606
125.jpg,0.0212469,0.755852,0.222901
126.jpg,0.00369645,0.992135,0.00416866
127.jpg,0.00369645,0.992135,0.00416866
128.jpg,0.00369645,0.992135,0.00416866
129.jpg,0.00369645,0.992135,0.00416866
130.jpg,0.00369645,0.992135,0.00416866
131.jpg,0.00497668,0.00741704,0.987606
132.jpg,0.00514534,0.00741578,0.987439
133.jpg,0.00497668,0.00741704,0.987606
134.jpg,0.00369645,0.992135,0.00416866
135.jpg,0.00369645,0.992135,0.00416866
136.jpg,0.00395729,0.991875,0.00416757
137.jpg,0.00380637,0.991901,0.00429263
138.jpg,0.00714492,0.983249,0.00960589
139.jpg,0.00369645,0.992135,0.00416866
140.jpg,0.00369645,0.992135,0.00416866
141.jpg,0.00497668,0.00741704,0.987606
142.jpg,0.982709,0.00986093,0.0074296
143.jpg,0.00497668,0.00741704,0.987606
144.jpg,0.00395729,0.991875,0.00416757
145.jpg,0.00497668,0.00741704,0.987606
146.jpg,0.00369645,0.992135,0.00416866
147.jpg,0.00369645,0.992135,0.00416866
148.jpg,0.00369645,0.992135,0.00416866
149.jpg,0.00519781,0.0162999,0.978502
150.jpg,0.982709,0.00986093,0.0074296
151.jpg,0.00804819,0.0214022,0.97055
152.jpg,0.00369645,0.992135,0.00416866
153.jpg,0.00497668,0.00741704,0.987606
154.jpg,0.982709,0.00986093,0.0074296
155.jpg,0.00497668,0.00741704,0.987606
156.jpg,0.00369645,0.992135,0.00416866
157.jpg,0.00497668,0.00741704,0.987606
158.jpg,0.00741995,0.0213032,0.971277
159.jpg,0.00918316,0.986671,0.00414571
160.jpg,0.893375,0.0906224,0.0160029
161.jpg,0.00366179,0.982832,0.0135061
162.jpg,0.0037969,0.989433,0.00676971
163.jpg,0.00369645,0.992135,0.00416866
164.jpg,0.00369645,0.992135,0.00416866
165.jpg,0.982709,0.00986093,0.0074296
166.jpg,0.95518,0.022851,0.0219688
167.jpg,0.00514177,0.00766308,0.987195
168.jpg,0.982709,0.00986093,0.0074296
169.jpg,0.00918316,0.986671,0.00414571
170.jpg,0.00369645,0.992135,0.00416866
171.jpg,0.0130943,0.0392064,0.947699
172.jpg,0.00501965,0.988894,0.00608634
173.jpg,0.963614,0.0207514,0.0156349
174.jpg,0.00369645,0.992135,0.00416866
175.jpg,0.00497668,0.00741704,0.987606
176.jpg,0.00382189,0.99201,0.00416814
177.jpg,0.00369645,0.992135,0.00416866
178.jpg,0.00497668,0.00741704,0.987606
179.jpg,0.00369645,0.992135,0.00416866
180.jpg,0.0121628,0.0317788,0.956058
181.jpg,0.982709,0.00986093,0.0074296
182.jpg,0.00497668,0.00741704,0.987606
183.jpg,0.00545484,0.988473,0.00607213
184.jpg,0.00497668,0.00741704,0.987606
185.jpg,0.00497668,0.00741704,0.987606
186.jpg,0.00369645,0.992135,0.00416866
187.jpg,0.00847501,0.958046,0.0334791
188.jpg,0.00369645,0.992135,0.00416866
189.jpg,0.00497668,0.00741704,0.987606
190.jpg,0.00518081,0.987848,0.00697137
191.jpg,0.0123993,0.981731,0.00586921
192.jpg,0.00497668,0.00741704,0.987606
193.jpg,0.982709,0.00986093,0.0074296
194.jpg,0.00369645,0.992135,0.00416866
195.jpg,0.982709,0.00986093,0.0074296
196.jpg,0.982709,0.00986093,0.0074296
197.jpg,0.00382189,0.99201,0.00416814
198.jpg,0.00497617,0.00751995,0.987504
199.jpg,0.00569135,0.00928252,0.985026
200.jpg,0.00369645,0.992135,0.00416866
201.jpg,0.00382456,0.992007,0.00416813
202.jpg,0.00887675,0.986976,0.00414699
203.jpg,0.00473943,0.989916,0.00534488
204.jpg,0.0169254,0.398995,0.584079
205.jpg,0.00514534,0.00741578,0.987439
206.jpg,0.00395729,0.991875,0.00416757
207.jpg,0.0092373,0.0137669,0.976996
208.jpg,0.00497668,0.00741704,0.987606
209.jpg,0.00497668,0.00741704,0.987606
210.jpg,0.00497668,0.00741704,0.987606
211.jpg,0.00369645,0.992135,0.00416866
212.jpg,0.00369645,0.992135,0.00416866
213.jpg,0.00497668,0.00741704,0.987606
214.jpg,0.00395729,0.991875,0.00416757
215.jpg,0.0439143,0.948361,0.00772451
216.jpg,0.00369645,0.992135,0.00416866
217.jpg,0.00395729,0.991875,0.00416757
218.jpg,0.00369645,0.992135,0.00416866
219.jpg,0.00369645,0.992135,0.00416866
220.jpg,0.0347959,0.959799,0.00540496
221.jpg,0.0291467,0.0788116,0.892042
222.jpg,0.00497668,0.00741704,0.987606
223.jpg,0.00497668,0.00741704,0.987606
224.jpg,0.00497668,0.00741704,0.987606
225.jpg,0.00369645,0.992135,0.00416866
226.jpg,0.0223075,0.855423,0.12227
227.jpg,0.00369645,0.992135,0.00416866
228.jpg,0.00369645,0.992135,0.00416866
229.jpg,0.00545484,0.988473,0.00607213
230.jpg,0.00395729,0.991875,0.00416757
231.jpg,0.982709,0.00986093,0.0074296
232.jpg,0.982709,0.00986093,0.0074296
233.jpg,0.00369645,0.992135,0.00416866
234.jpg,0.00497668,0.00741704,0.987606
235.jpg,0.00369645,0.992135,0.00416866
236.jpg,0.00382189,0.99201,0.00416814
237.jpg,0.00813555,0.983387,0.00847696
238.jpg,0.00497668,0.00741704,0.987606
239.jpg,0.00369645,0.992135,0.00416866
240.jpg,0.00497668,0.00741704,0.987606
241.jpg,0.0254119,0.905603,0.0689853
242.jpg,0.00518081,0.987848,0.00697137
243.jpg,0.00409154,0.991741,0.00416701
244.jpg,0.00497668,0.00741704,0.987606
245.jpg,0.97327,0.0193714,0.00735824
246.jpg,0.00369645,0.992135,0.00416866
247.jpg,0.00879028,0.977885,0.0133249
248.jpg,0.959401,0.0213794,0.01922
249.jpg,0.982709,0.00986093,0.0074296
250.jpg,0.00369645,0.992135,0.00416866
251.jpg,0.917498,0.0747196,0.00778232
252.jpg,0.0418798,0.268282,0.689838
253.jpg,0.00497668,0.00741704,0.987606
254.jpg,0.00497668,0.00741704,0.987606
255.jpg,0.00473943,0.989916,0.00534488
256.jpg,0.00497668,0.00741704,0.987606
257.jpg,0.0056002,0.987624,0.00677557
258.jpg,0.00497668,0.00741704,0.987606
259.jpg,0.00497496,0.0077602,0.987265
260.jpg,0.982709,0.00986093,0.0074296
261.jpg,0.00950668,0.986349,0.00414435
262.jpg,0.00369645,0.992135,0.00416866
263.jpg,0.00369645,0.992135,0.00416866
264.jpg,0.905068,0.0694213,0.0255107
265.jpg,0.00497668,0.00741704,0.987606
266.jpg,0.00497668,0.00741704,0.987606
267.jpg,0.0412149,0.943611,0.0151744
268.jpg,0.982709,0.00986093,0.0074296
269.jpg,0.0118728,0.982503,0.00562432
270.jpg,0.00497668,0.00741704,0.987606
271.jpg,0.0210417,0.971075,0.00788296
272.jpg,0.00497668,0.00741704,0.987606
273.jpg,0.00497668,0.00741704,0.987606
274.jpg,0.00619374,0.984629,0.00917695
275.jpg,0.00497668,0.00741704,0.987606
276.jpg,0.00369645,0.992135,0.00416866
277.jpg,0.00395729,0.991875,0.00416757
278.jpg,0.00497668,0.00741704,0.987606
279.jpg,0.00497668,0.00741704,0.987606
280.jpg,0.00369645,0.992135,0.00416866
281.jpg,0.0123068,0.978894,0.00879872
282.jpg,0.00369645,0.992135,0.00416866
283.jpg,0.0119406,0.0725315,0.915528
284.jpg,0.00497668,0.00741704,0.987606
285.jpg,0.00950668,0.986349,0.00414435
286.jpg,0.019555,0.775413,0.205032
287.jpg,0.00497668,0.00741704,0.987606
288.jpg,0.00497668,0.00741704,0.987606
289.jpg,0.982709,0.00986093,0.0074296
290.jpg,0.00565623,0.989004,0.00533996
291.jpg,0.00369645,0.992135,0.00416866
292.jpg,0.00369645,0.992135,0.00416866
293.jpg,0.982709,0.00986093,0.0074296
294.jpg,0.762983,0.09335,0.143667
295.jpg,0.00369645,0.992135,0.00416866
296.jpg,0.00382189,0.99201,0.00416814
297.jpg,0.0164331,0.975221,0.00834585
298.jpg,0.00532738,0.00741442,0.987258
299.jpg,0.982709,0.00986093,0.0074296
300.jpg,0.00502179,0.989315,0.00566331
301.jpg,0.00949809,0.0442759,0.946226
302.jpg,0.00369645,0.992135,0.00416866
303.jpg,0.982709,0.00986093,0.0074296
304.jpg,0.94483,0.0468898,0.0082802
305.jpg,0.00369645,0.992135,0.00416866
306.jpg,0.00497668,0.00741704,0.987606
307.jpg,0.00497668,0.00741704,0.987606
308.jpg,0.971075,0.0213403,0.00758456
309.jpg,0.00497668,0.00741704,0.987606
310.jpg,0.0073604,0.0291581,0.963482
311.jpg,0.00497668,0.00741704,0.987606
312.jpg,0.982709,0.00986093,0.0074296
313.jpg,0.00918316,0.986671,0.00414571
314.jpg,0.00888332,0.98697,0.00414696
315.jpg,0.00369645,0.992135,0.00416866
316.jpg,0.982709,0.00986093,0.0074296
317.jpg,0.982709,0.00986093,0.0074296
318.jpg,0.00369645,0.992135,0.00416866
319.jpg,0.00369645,0.992135,0.00416866
320.jpg,0.00369645,0.992135,0.00416866
321.jpg,0.00479132,0.991045,0.00416408
322.jpg,0.00719911,0.982134,0.0106666
323.jpg,0.00497668,0.00741704,0.987606
324.jpg,0.00369645,0.992135,0.00416866
325.jpg,0.0051151,0.0128086,0.982076
326.jpg,0.00497668,0.00741704,0.987606
327.jpg,0.179665,0.784015,0.0363201
328.jpg,0.00497668,0.00741704,0.987606
329.jpg,0.00497668,0.00741704,0.987606
330.jpg,0.982709,0.00986093,0.0074296
331.jpg,0.982709,0.00986093,0.0074296
332.jpg,0.00380637,0.991901,0.00429263
333.jpg,0.00497668,0.00741704,0.987606
334.jpg,0.00497668,0.00741704,0.987606
335.jpg,0.00497668,0.00741704,0.987606
336.jpg,0.949071,0.043285,0.00764363
337.jpg,0.0136322,0.950928,0.0354401
338.jpg,0.00369645,0.992135,0.00416866
339.jpg,0.00497668,0.00741704,0.987606
340.jpg,0.00888332,0.98697,0.00414696
341.jpg,0.00369645,0.992135,0.00416866
342.jpg,0.982709,0.00986093,0.0074296
343.jpg,0.0092008,0.0176632,0.973136
344.jpg,0.982709,0.00986093,0.0074296
345.jpg,0.982709,0.00986093,0.0074296
346.jpg,0.00382189,0.99201,0.00416814
347.jpg,0.00369645,0.992135,0.00416866
348.jpg,0.00369645,0.992135,0.00416866
349.jpg,0.0201542,0.97043,0.00941554
350.jpg,0.00369645,0.992135,0.00416866
351.jpg,0.108063,0.713542,0.178395
352.jpg,0.00369645,0.992135,0.00416866
353.jpg,0.00497668,0.00741704,0.987606
354.jpg,0.0530156,0.940825,0.0061594
355.jpg,0.982709,0.00986093,0.0074296
356.jpg,0.982709,0.00986093,0.0074296
357.jpg,0.00369645,0.992135,0.00416866
358.jpg,0.00888332,0.98697,0.00414696
359.jpg,0.00497668,0.00741704,0.987606
360.jpg,0.00369645,0.992135,0.00416866
361.jpg,0.00519197,0.989146,0.00566234
362.jpg,0.00369645,0.992135,0.00416866
363.jpg,0.0050163,0.988234,0.00675001
364.jpg,0.00497668,0.00741704,0.987606
365.jpg,0.00369645,0.992135,0.00416866
366.jpg,0.00497668,0.00741704,0.987606
367.jpg,0.982709,0.00986093,0.0074296
368.jpg,0.00395729,0.991875,0.00416757
369.jpg,0.00369645,0.992135,0.00416866
370.jpg,0.00369645,0.992135,0.00416866
371.jpg,0.981985,0.0105903,0.00742413
372.jpg,0.00497668,0.00741704,0.987606
373.jpg,0.00514534,0.00741578,0.987439
374.jpg,0.00407098,0.986757,0.00917223
375.jpg,0.00369645,0.992135,0.00416866
376.jpg,0.0092008,0.0176632,0.973136
377.jpg,0.973375,0.0182052,0.00842005
378.jpg,0.00369645,0.992135,0.00416866
379.jpg,0.00497668,0.00741704,0.987606
380.jpg,0.0533874,0.281214,0.665399
381.jpg,0.00369645,0.992135,0.00416866
382.jpg,0.982709,0.00986093,0.0074296
383.jpg,0.00369645,0.992135,0.00416866
384.jpg,0.00369645,0.992135,0.00416866
385.jpg,0.00369645,0.992135,0.00416866
386.jpg,0.00497668,0.00741704,0.987606
387.jpg,0.0135073,0.00759864,0.978894
388.jpg,0.0225924,0.830825,0.146583
389.jpg,0.00380637,0.991901,0.00429263
390.jpg,0.00369645,0.992135,0.00416866
391.jpg,0.00369645,0.992135,0.00416866
392.jpg,0.00369645,0.992135,0.00416866
393.jpg,0.00497668,0.00741704,0.987606
394.jpg,0.00369645,0.992135,0.00416866
395.jpg,0.965145,0.0275582,0.00729681
396.jpg,0.0117334,0.984132,0.00413503
397.jpg,0.00369645,0.992135,0.00416866
398.jpg,0.00369645,0.992135,0.00416866
399.jpg,0.0100961,0.962208,0.0276963
400.jpg,0.00497668,0.00741704,0.987606
401.jpg,0.00497668,0.00741704,0.987606
402.jpg,0.982709,0.00986093,0.0074296
403.jpg,0.00369645,0.992135,0.00416866
404.jpg,0.0264525,0.967823,0.00572421
405.jpg,0.00369645,0.992135,0.00416866
406.jpg,0.982709,0.00986093,0.0074296
407.jpg,0.00369645,0.992135,0.00416866
408.jpg,0.00369645,0.992135,0.00416866
409.jpg,0.00497668,0.00741704,0.987606
410.jpg,0.114266,0.214422,0.671312
411.jpg,0.0105578,0.983562,0.00588016
412.jpg,0.0051151,0.0128086,0.982076
413.jpg,0.00395729,0.991875,0.00416757
414.jpg,0.0137599,0.0441912,0.942049
415.jpg,0.979637,0.0117707,0.00859187
416.jpg,0.982709,0.00986093,0.0074296
417.jpg,0.0253572,0.970443,0.00419976
418.jpg,0.00497668,0.00741704,0.987606
419.jpg,0.982709,0.00986093,0.0074296
420.jpg,0.00395729,0.991875,0.00416757
421.jpg,0.0066202,0.982797,0.0105825
422.jpg,0.00497668,0.00741704,0.987606
423.jpg,0.00532738,0.00741442,0.987258
424.jpg,0.00382189,0.99201,0.00416814
425.jpg,0.00497668,0.00741704,0.987606
426.jpg,0.00617194,0.0129357,0.980892
427.jpg,0.00560324,0.988159,0.00623732
428.jpg,0.0158095,0.221738,0.762453
429.jpg,0.00497668,0.00741704,0.987606
430.jpg,0.955705,0.0368308,0.00746451
431.jpg,0.982709,0.00986093,0.0074296
432.jpg,0.0235378,0.0615212,0.914941
433.jpg,0.0291631,0.0300487,0.940788
434.jpg,0.00369645,0.992135,0.00416866
435.jpg,0.00569135,0.00928252,0.985026
436.jpg,0.0116037,0.983088,0.00530802
437.jpg,0.00382189,0.99201,0.00416814
438.jpg,0.00369645,0.992135,0.00416866
439.jpg,0.00369645,0.992135,0.00416866
440.jpg,0.00497668,0.00741704,0.987606
441.jpg,0.00369645,0.992135,0.00416866
442.jpg,0.0341135,0.960146,0.00574017
443.jpg,0.00950668,0.986349,0.00414435
444.jpg,0.00369645,0.992135,0.00416866
445.jpg,0.780482,0.201344,0.0181741
446.jpg,0.0227162,0.964628,0.0126555
447.jpg,0.00369645,0.992135,0.00416866
448.jpg,0.0036958,0.99196,0.00434367
449.jpg,0.982709,0.00986093,0.0074296
450.jpg,0.0244555,0.0244438,0.951101
451.jpg,0.0050163,0.988234,0.00675001
452.jpg,0.0245973,0.106176,0.869227
453.jpg,0.974889,0.0177404,0.00737048
454.jpg,0.00369645,0.992135,0.00416866
455.jpg,0.00497668,0.00741704,0.987606
456.jpg,0.011932,0.965445,0.0226229
457.jpg,0.982709,0.00986093,0.0074296
458.jpg,0.94483,0.0468898,0.0082802
459.jpg,0.00369645,0.992135,0.00416866
460.jpg,0.982709,0.00986093,0.0074296
461.jpg,0.0042626,0.984108,0.0116298
462.jpg,0.00463421,0.991201,0.00416474
463.jpg,0.00520561,0.0148238,0.979971
464.jpg,0.00369645,0.992135,0.00416866
465.jpg,0.00369645,0.992135,0.00416866
466.jpg,0.00382189,0.99201,0.00416814
467.jpg,0.982709,0.00986093,0.0074296
468.jpg,0.786983,0.190527,0.0224896
469.jpg,0.011068,0.0331392,0.955793
470.jpg,0.437154,0.555597,0.00724939
471.jpg,0.00888332,0.98697,0.00414696
472.jpg,0.982709,0.00986093,0.0074296
473.jpg,0.0200487,0.963451,0.0165007
474.jpg,0.00950668,0.986349,0.00414435
475.jpg,0.00776964,0.984284,0.00794636
476.jpg,0.00369645,0.992135,0.00416866
477.jpg,0.982709,0.00986093,0.0074296
478.jpg,0.00369645,0.992135,0.00416866
479.jpg,0.00497668,0.00741704,0.987606
480.jpg,0.0130361,0.100462,0.886502
481.jpg,0.00547582,0.00870189,0.985822
482.jpg,0.95464,0.0348327,0.0105272
483.jpg,0.00369645,0.992135,0.00416866
484.jpg,0.0134669,0.124474,0.862059
485.jpg,0.00514534,0.00741578,0.987439
486.jpg,0.00369645,0.992135,0.00416866
487.jpg,0.793904,0.191875,0.0142211
488.jpg,0.0201699,0.967466,0.0123643
489.jpg,0.982709,0.00986093,0.0074296
490.jpg,0.0036803,0.9878,0.00851935
491.jpg,0.00497668,0.00741704,0.987606
492.jpg,0.00434752,0.991487,0.00416594
493.jpg,0.954358,0.0379561,0.00768621
494.jpg,0.00549802,0.987151,0.00735099
495.jpg,0.00369645,0.992135,0.00416866
496.jpg,0.00497617,0.00751995,0.987504
497.jpg,0.00369645,0.992135,0.00416866
498.jpg,0.0172986,0.974788,0.0079131
499.jpg,0.00497668,0.00741704,0.987606
500.jpg,0.00369645,0.992135,0.00416866
501.jpg,0.00369645,0.992135,0.00416866
502.jpg,0.0129381,0.0404158,0.946646
503.jpg,0.00434752,0.991487,0.00416594
504.jpg,0.0105402,0.017191,0.972269
505.jpg,0.00369645,0.992135,0.00416866
506.jpg,0.00434752,0.991487,0.00416594
507.jpg,0.012467,0.980633,0.00689954
508.jpg,0.119637,0.837405,0.042958
509.jpg,0.00369645,0.992135,0.00416866
510.jpg,0.0324654,0.809437,0.158097
511.jpg,0.00497668,0.00741704,0.987606
10000.jpg,0.00369645,0.992135,0.00416866
10001.jpg,0.0879739,0.268455,0.643571
10002.jpg,0.0175326,0.40859,0.573878
10003.jpg,0.879629,0.107806,0.0125655
10004.jpg,0.00369645,0.992135,0.00416866
10005.jpg,0.00369645,0.992135,0.00416866
10006.jpg,0.00974509,0.975816,0.0144388
10007.jpg,0.971976,0.020676,0.00734845
10008.jpg,0.0151673,0.928618,0.0562149
10009.jpg,0.00369645,0.992135,0.00416866
10010.jpg,0.0129891,0.0478824,0.939129
10011.jpg,0.0153807,0.0701929,0.914426
10012.jpg,0.00469848,0.981361,0.0139405
10013.jpg,0.00497668,0.00741704,0.987606
10014.jpg,0.00369645,0.992135,0.00416866
10015.jpg,0.00497668,0.00741704,0.987606
10016.jpg,0.0216563,0.936618,0.041726
10017.jpg,0.02095,0.843123,0.135927
10018.jpg,0.301944,0.687592,0.010464
10019.jpg,0.00369645,0.992135,0.00416866
10020.jpg,0.00741995,0.0213032,0.971277
10021.jpg,0.0092008,0.0176632,0.973136
10022.jpg,0.00597048,0.98779,0.00624003
10023.jpg,0.398343,0.353189,0.248468
10024.jpg,0.00897228,0.97086,0.0201677
10025.jpg,0.00918316,0.986671,0.00414571
10026.jpg,0.0498477,0.933317,0.0168351
10027.jpg,0.0239216,0.0708921,0.905186
10028.jpg,0.00732602,0.0336931,0.958981
10029.jpg,0.0414511,0.946537,0.0120122
10030.jpg,0.00497668,0.00741704,0.987606
10031.jpg,0.0160691,0.0231598,0.960771
10032.jpg,0.00518081,0.987848,0.00697137
10033.jpg,0.00490351,0.989753,0.005344
10034.jpg,0.0162942,0.975785,0.00792119
10035.jpg,0.00775708,0.982693,0.00955026
10036.jpg,0.0813448,0.910454,0.0082009
10037.jpg,0.901426,0.0865644,0.0120092
10038.jpg,0.00369645,0.992135,0.00416866
10039.jpg,0.966892,0.0246283,0.00848008
10040.jpg,0.641904,0.210934,0.147162
10041.jpg,0.00382456,0.992007,0.00416813
10042.jpg,0.00497668,0.00741704,0.987606
10043.jpg,0.0974449,0.888232,0.0143231
10044.jpg,0.982709,0.00986093,0.0074296
10045.jpg,0.0124184,0.981775,0.00580673
10046.jpg,0.967998,0.0193682,0.012634
10047.jpg,0.00888332,0.98697,0.00414696
10048.jpg,0.00497668,0.00741704,0.987606
10049.jpg,0.00497668,0.00741704,0.987606
10050.jpg,0.00888332,0.98697,0.00414696
10051.jpg,0.0130943,0.0392064,0.947699
10052.jpg,0.0125569,0.0405715,0.946872
10053.jpg,0.0110562,0.0341698,0.954774
10054.jpg,0.00497668,0.00741704,0.987606
10055.jpg,0.0276876,0.790961,0.181351
10056.jpg,0.00369645,0.992135,0.00416866
10057.jpg,0.00369645,0.992135,0.00416866
10058.jpg,0.982709,0.00986093,0.0074296
10059.jpg,0.0247267,0.23736,0.737914
10060.jpg,0.00369645,0.992135,0.00416866
10061.jpg,0.00369645,0.992135,0.00416866
10062.jpg,0.0115712,0.0912333,0.897195
10063.jpg,0.0118533,0.982613,0.00553343
10064.jpg,0.00369645,0.992135,0.00416866
10065.jpg,0.107855,0.856583,0.0355622
10066.jpg,0.00497668,0.00741704,0.987606
10067.jpg,0.982709,0.00986093,0.0074296
10068.jpg,0.0541889,0.507601,0.43821
10069.jpg,0.0150634,0.979163,0.00577325
10070.jpg,0.974889,0.0177404,0.00737048
10071.jpg,0.00369645,0.992135,0.00416866
10072.jpg,0.00664916,0.983499,0.00985171
10073.jpg,0.0703932,0.918409,0.0111983
10074.jpg,0.23028,0.760596,0.00912435
10075.jpg,0.982709,0.00986093,0.0074296
10076.jpg,0.00497668,0.00741704,0.987606
10077.jpg,0.00497668,0.00741704,0.987606
10078.jpg,0.0190904,0.975033,0.00587691
10079.jpg,0.00497668,0.00741704,0.987606
10080.jpg,0.00887675,0.986976,0.00414699
10081.jpg,0.982709,0.00986093,0.0074296
10082.jpg,0.968774,0.0212898,0.00993597
10083.jpg,0.00497668,0.00741704,0.987606
10084.jpg,0.00369645,0.992135,0.00416866
10085.jpg,0.00369645,0.992135,0.00416866
10086.jpg,0.00369645,0.992135,0.00416866
10087.jpg,0.00640265,0.985851,0.00774644
10088.jpg,0.0226415,0.625745,0.351614
10089.jpg,0.0104793,0.973635,0.0158853
10090.jpg,0.163204,0.806523,0.0302728
10091.jpg,0.00570014,0.987403,0.00689649
10092.jpg,0.00520526,0.977672,0.0171224
10093.jpg,0.00369645,0.992135,0.00416866
10094.jpg,0.00369645,0.992135,0.00416866
10095.jpg,0.0092008,0.0176632,0.973136
10096.jpg,0.982709,0.00986093,0.0074296
10097.jpg,0.0589746,0.937088,0.00393737
10098.jpg,0.00716514,0.988681,0.00415415
10099.jpg,0.00369645,0.992135,0.00416866
10100.jpg,0.00369645,0.992135,0.00416866
10101.jpg,0.0889115,0.588114,0.322974
10102.jpg,0.0104536,0.971239,0.0183073
10103.jpg,0.00497668,0.00741704,0.987606
10104.jpg,0.0106686,0.0398888,0.949443
10105.jpg,0.0230503,0.013575,0.963375
10106.jpg,0.00744021,0.0186308,0.973929
10107.jpg,0.0145943,0.0717244,0.913681
10108.jpg,0.319923,0.649948,0.0301297
10109.jpg,0.0183754,0.934001,0.0476238
10110.jpg,0.00497668,0.00741704,0.987606
10111.jpg,0.0177212,0.978169,0.00410998
10112.jpg,0.00747796,0.984749,0.00777349
10113.jpg,0.00497668,0.00741704,0.987606
10114.jpg,0.931462,0.0604954,0.00804279
10115.jpg,0.0356063,0.470941,0.493452
10116.jpg,0.00369645,0.992135,0.00416866
10117.jpg,0.961731,0.0226651,0.0156043
10118.jpg,0.448485,0.536014,0.0155007
10119.jpg,0.981796,0.0107814,0.0074227
10120.jpg,0.908344,0.0843568,0.00729919
10121.jpg,0.00930876,0.0567125,0.933979
10122.jpg,0.300743,0.673305,0.0259518
10123.jpg,0.00395729,0.991875,0.00416757
10124.jpg,0.00369645,0.992135,0.00416866
10125.jpg,0.0109472,0.0436903,0.945363
10126.jpg,0.00369645,0.992135,0.00416866
10127.jpg,0.00409154,0.991741,0.00416701
10128.jpg,0.00369645,0.992135,0.00416866
10129.jpg,0.0611566,0.859158,0.0796856
10130.jpg,0.00862241,0.973767,0.0176109
10131.jpg,0.00369645,0.992135,0.00416866
10132.jpg,0.982709,0.00986093,0.0074296
10133.jpg,0.00888332,0.98697,0.00414696
10134.jpg,0.00497668,0.00741704,0.987606
10135.jpg,0.00497668,0.00741704,0.987606
10136.jpg,0.982709,0.00986093,0.0074296
10137.jpg,0.00718343,0.979995,0.0128218
10138.jpg,0.00369645,0.992135,0.00416866
10139.jpg,0.00497668,0.00741704,0.987606
10140.jpg,0.0321908,0.962058,0.0057516
10141.jpg,0.566925,0.396195,0.0368805
10142.jpg,0.00380637,0.991901,0.00429263
10143.jpg,0.73082,0.151005,0.118176
10144.jpg,0.00369645,0.992135,0.00416866
10145.jpg,0.0110454,0.964448,0.0245065
10146.jpg,0.62759,0.360616,0.0117939
10147.jpg,0.00395729,0.991875,0.00416757
10148.jpg,0.00497668,0.00741704,0.987606
10149.jpg,0.00369645,0.992135,0.00416866
10150.jpg,0.00369645,0.992135,0.00416866
10151.jpg,0.0118533,0.982613,0.00553343
10152.jpg,0.0180052,0.665069,0.316926
10153.jpg,0.0121041,0.0560771,0.931819
10154.jpg,0.982709,0.00986093,0.0074296
10155.jpg,0.00369645,0.992135,0.00416866
10156.jpg,0.00369645,0.992135,0.00416866
10157.jpg,0.982709,0.00986093,0.0074296
10158.jpg,0.00369645,0.992135,0.00416866
10159.jpg,0.982709,0.00986093,0.0074296
10160.jpg,0.00473943,0.989916,0.00534488
10161.jpg,0.00497668,0.00741704,0.987606
10162.jpg,0.920618,0.0721916,0.00719047
10163.jpg,0.344148,0.637083,0.0187692
10164.jpg,0.00497668,0.00741704,0.987606
10165.jpg,0.00497668,0.00741704,0.987606
10166.jpg,0.00395729,0.991875,0.00416757
10167.jpg,0.00602819,0.984412,0.00955948
10168.jpg,0.00858878,0.955469,0.0359421
10169.jpg,0.982709,0.00986093,0.0074296
10170.jpg,0.00497668,0.00741704,0.987606
10171.jpg,0.00740411,0.0233928,0.969203
10172.jpg,0.0211024,0.0845071,0.89439
10173.jpg,0.0154122,0.977393,0.00719481
10174.jpg,0.0181057,0.041874,0.94002
10175.jpg,0.0117403,0.973244,0.015016
10176.jpg,0.407829,0.361122,0.231049
10177.jpg,0.0130144,0.98112,0.00586556
10178.jpg,0.00369645,0.992135,0.00416866
10179.jpg,0.00497668,0.00741704,0.987606
10180.jpg,0.00994776,0.934028,0.0560246
10181.jpg,0.963614,0.0207514,0.0156349
10182.jpg,0.055119,0.939266,0.00561534
10183.jpg,0.00497617,0.00751995,0.987504
10184.jpg,0.00369645,0.992135,0.00416866
10185.jpg,0.459894,0.454519,0.0855872
10186.jpg,0.00369645,0.992135,0.00416866
10187.jpg,0.0109664,0.0401025,0.948931
10188.jpg,0.00747463,0.954319,0.0382062
10189.jpg,0.0092008,0.0176632,0.973136
10190.jpg,0.0122899,0.982088,0.00562194
10191.jpg,0.968526,0.023884,0.00758963
10192.jpg,0.0135568,0.962124,0.0243196
10193.jpg,0.982709,0.00986093,0.0074296
10194.jpg,0.254752,0.723233,0.0220147
10195.jpg,0.00497668,0.00741704,0.987606
10196.jpg,0.0674579,0.923398,0.00914412
10197.jpg,0.00393553,0.991772,0.00429207
10198.jpg,0.0169278,0.938896,0.0441765
10199.jpg,0.669583,0.30756,0.0228566
10200.jpg,0.00369645,0.992135,0.00416866
10201.jpg,0.00369645,0.992135,0.00416866
10202.jpg,0.00617194,0.0129357,0.980892
10203.jpg,0.0415965,0.206339,0.752065
10204.jpg,0.00369645,0.992135,0.00416866
10205.jpg,0.982709,0.00986093,0.0074296
10206.jpg,0.00369645,0.992135,0.00416866
10207.jpg,0.00369645,0.992135,0.00416866
10208.jpg,0.00369645,0.992135,0.00416866
10209.jpg,0.00514534,0.00741578,0.987439
10210.jpg,0.0433102,0.766862,0.189828
10211.jpg,0.00473943,0.989916,0.00534488
10212.jpg,0.00369645,0.992135,0.00416866
10213.jpg,0.00473943,0.989916,0.00534488
10214.jpg,0.00369645,0.992135,0.00416866
10215.jpg,0.00497668,0.00741704,0.987606
10216.jpg,0.00369645,0.992135,0.00416866
10217.jpg,0.00382189,0.99201,0.00416814
10218.jpg,0.00369645,0.992135,0.00416866
10219.jpg,0.982709,0.00986093,0.0074296
10220.jpg,0.0081374,0.983611,0.00825182
10221.jpg,0.407983,0.565216,0.026801
10222.jpg,0.00497668,0.00741704,0.987606
10223.jpg,0.00497668,0.00741704,0.987606
10224.jpg,0.00583904,0.988091,0.00606979
10225.jpg,0.0051151,0.0128086,0.982076
10226.jpg,0.00497668,0.00741704,0.987606
10227.jpg,0.00497668,0.00741704,0.987606
10228.jpg,0.00395729,0.991875,0.00416757
10229.jpg,0.00395729,0.991875,0.00416757
10230.jpg,0.00369645,0.992135,0.00416866
10231.jpg,0.072294,0.28624,0.641466
10232.jpg,0.0168134,0.913665,0.0695212
10233.jpg,0.982709,0.00986093,0.0074296
10234.jpg,0.0313132,0.237648,0.731038
10235.jpg,0.0229828,0.962603,0.0144139
10236.jpg,0.00497668,0.00741704,0.987606
10237.jpg,0.0207747,0.0214905,0.957735
10238.jpg,0.00369645,0.992135,0.00416866
10239.jpg,0.00380637,0.991901,0.00429263
10240.jpg,0.00520561,0.0148238,0.979971
10241.jpg,0.00497668,0.00741704,0.987606
10242.jpg,0.0294316,0.686401,0.284168
10243.jpg,0.0116749,0.98419,0.00413528
10244.jpg,0.00530302,0.0079034,0.986794
10245.jpg,0.0336196,0.218389,0.747992
10246.jpg,0.00473943,0.989916,0.00534488
10247.jpg,0.982709,0.00986093,0.0074296
10248.jpg,0.0161941,0.0423118,0.941494
10249.jpg,0.0201542,0.97043,0.00941554
10250.jpg,0.00369645,0.992135,0.00416866
10251.jpg,0.960831,0.0125279,0.0266413
10252.jpg,0.00409154,0.991741,0.00416701
10253.jpg,0.00369645,0.992135,0.00416866
10254.jpg,0.00369645,0.992135,0.00416866
10255.jpg,0.00395729,0.991875,0.00416757
10256.jpg,0.00997879,0.0279014,0.96212
10257.jpg,0.00497668,0.00741704,0.987606
10258.jpg,0.0438395,0.92675,0.0294102
10259.jpg,0.00497668,0.00741704,0.987606
10260.jpg,0.00497668,0.00741704,0.987606
10261.jpg,0.118995,0.85606,0.0249453
10262.jpg,0.00369645,0.992135,0.00416866
10263.jpg,0.982709,0.00986093,0.0074296
10264.jpg,0.00369645,0.992135,0.00416866
10265.jpg,0.00497668,0.00741704,0.987606
10266.jpg,0.00369645,0.992135,0.00416866
10267.jpg,0.00369645,0.992135,0.00416866
10268.jpg,0.982709,0.00986093,0.0074296
10269.jpg,0.629445,0.36275,0.00780513
10270.jpg,0.663782,0.315953,0.0202648
10271.jpg,0.00369645,0.992135,0.00416866
10272.jpg,0.00369645,0.992135,0.00416866
10273.jpg,0.00382189,0.99201,0.00416814
10274.jpg,0.972019,0.0164487,0.0115318
10275.jpg,0.88487,0.100278,0.0148516
10276.jpg,0.00369645,0.992135,0.00416866
10277.jpg,0.955214,0.0250976,0.019688
10278.jpg,0.970285,0.0174684,0.0122467
10279.jpg,0.0169423,0.131838,0.85122
10280.jpg,0.00918316,0.986671,0.00414571
10281.jpg,0.152285,0.824871,0.022844
10282.jpg,0.00497668,0.00741704,0.987606
10283.jpg,0.00841995,0.987431,0.0041489
10284.jpg,0.0183174,0.0236321,0.958051
10285.jpg,0.00497668,0.00741704,0.987606
10286.jpg,0.540106,0.38469,0.075204
10287.jpg,0.00888332,0.98697,0.00414696
10288.jpg,0.0145943,0.0717244,0.913681
10289.jpg,0.00873849,0.980093,0.0111685
10290.jpg,0.0745997,0.902139,0.0232607
10291.jpg,0.00369645,0.992135,0.00416866
10292.jpg,0.00569135,0.00928252,0.985026
10293.jpg,0.0295021,0.95598,0.0145175
10294.jpg,0.0260031,0.683984,0.290013
10295.jpg,0.00718721,0.98051,0.0123028
10296.jpg,0.0470547,0.94568,0.00726516
10297.jpg,0.363018,0.614554,0.0224276
10298.jpg,0.409985,0.52506,0.0649549
10299.jpg,0.00369645,0.992135,0.00416866
10300.jpg,0.00369645,0.992135,0.00416866
10301.jpg,0.0137509,0.982123,0.00412659
10302.jpg,0.00497668,0.00741704,0.987606
10303.jpg,0.00561199,0.00781053,0.986578
10304.jpg,0.00497668,0.00741704,0.987606
10305.jpg,0.00409154,0.991741,0.00416701
10306.jpg,0.00983418,0.986023,0.00414298
10307.jpg,0.965304,0.0116468,0.0230489
10308.jpg,0.00497668,0.00741704,0.987606
10309.jpg,0.00726389,0.0418881,0.950848
10310.jpg,0.0251633,0.492503,0.482333
10311.jpg,0.0155364,0.0239003,0.960563
10312.jpg,0.00369645,0.992135,0.00416866
10313.jpg,0.00519941,0.987101,0.00769974
10314.jpg,0.00369645,0.992135,0.00416866
10315.jpg,0.00545484,0.988473,0.00607213
10316.jpg,0.00920422,0.977158,0.0136374
10317.jpg,0.00369645,0.992135,0.00416866
10318.jpg,0.00497668,0.00741704,0.987606
10319.jpg,0.00395659,0.991701,0.00434253
10320.jpg,0.00518081,0.987848,0.00697137
10321.jpg,0.00369645,0.992135,0.00416866
10322.jpg,0.00569135,0.00928252,0.985026
10323.jpg,0.00497668,0.00741704,0.987606
10324.jpg,0.00369645,0.992135,0.00416866
10325.jpg,0.00497668,0.00741704,0.987606
10326.jpg,0.0205758,0.781729,0.197695
10327.jpg,0.971075,0.0213403,0.00758456
10328.jpg,0.00369645,0.992135,0.00416866
10329.jpg,0.00395729,0.991875,0.00416757
10330.jpg,0.00497668,0.00741704,0.987606
10331.jpg,0.00369645,0.992135,0.00416866
10332.jpg,0.00497668,0.00741704,0.987606
10333.jpg,0.00497668,0.00741704,0.987606
10334.jpg,0.00526377,0.988663,0.0060733
10335.jpg,0.032324,0.954648,0.0130283
10336.jpg,0.982709,0.00986093,0.0074296
10337.jpg,0.00918316,0.986671,0.00414571
10338.jpg,0.00395729,0.991875,0.00416757
10339.jpg,0.456458,0.532846,0.0106954
10340.jpg,0.982709,0.00986093,0.0074296
10341.jpg,0.0442786,0.951723,0.00399886
10342.jpg,0.0391365,0.913754,0.047109
10343.jpg,0.982398,0.0101752,0.00742725
10344.jpg,0.00911911,0.0254977,0.965383
10345.jpg,0.00497668,0.00741704,0.987606
10346.jpg,0.00369645,0.992135,0.00416866
10347.jpg,0.00395729,0.991875,0.00416757
10348.jpg,0.0313395,0.389125,0.579536
10349.jpg,0.00369645,0.992135,0.00416866
10350.jpg,0.00497668,0.00741704,0.987606
10351.jpg,0.00619374,0.984629,0.00917695
10352.jpg,0.982709,0.00986093,0.0074296
10353.jpg,0.00497668,0.00741704,0.987606
10354.jpg,0.00369645,0.992135,0.00416866
10355.jpg,0.0036958,0.99196,0.00434367
10356.jpg,0.00497668,0.00741704,0.987606
10357.jpg,0.0201681,0.970416,0.00941541
10358.jpg,0.0191997,0.729449,0.251352
10359.jpg,0.00369645,0.992135,0.00416866
10360.jpg,0.00739492,0.983439,0.00916586
10361.jpg,0.00369645,0.992135,0.00416866
10362.jpg,0.00774295,0.988105,0.00415173
10363.jpg,0.0104284,0.936987,0.0525849
10364.jpg,0.960492,0.0320062,0.0075019
10365.jpg,0.00369645,0.992135,0.00416866
10366.jpg,0.00514177,0.00766308,0.987195
10367.jpg,0.94483,0.0468898,0.0082802
10368.jpg,0.00369645,0.992135,0.00416866
10369.jpg,0.0931384,0.886605,0.020257
10370.jpg,0.853102,0.138117,0.00878086
10371.jpg,0.982709,0.00986093,0.0074296
10372.jpg,0.00369645,0.992135,0.00416866
10373.jpg,0.00945763,0.0453088,0.945234
10374.jpg,0.00369645,0.992135,0.00416866
10375.jpg,0.00369645,0.992135,0.00416866
10376.jpg,0.982709,0.00986093,0.0074296
10377.jpg,0.0272746,0.917836,0.0548892
10378.jpg,0.00497668,0.00741704,0.987606
10379.jpg,0.00497668,0.00741704,0.987606
10380.jpg,0.00369645,0.992135,0.00416866
10381.jpg,0.00497668,0.00741704,0.987606
10382.jpg,0.00369645,0.992135,0.00416866
10383.jpg,0.00369645,0.992135,0.00416866
10384.jpg,0.95464,0.0348327,0.0105272
10385.jpg,0.982709,0.00986093,0.0074296
10386.jpg,0.00497668,0.00741704,0.987606
10387.jpg,0.014059,0.8875,0.0984405
10388.jpg,0.00369645,0.992135,0.00416866
10389.jpg,0.0257027,0.890706,0.0835913
10390.jpg,0.0546617,0.925876,0.0194626
10391.jpg,0.00497668,0.00741704,0.987606
10392.jpg,0.0144604,0.00734635,0.978193
10393.jpg,0.00852095,0.0255131,0.965966
10394.jpg,0.00923059,0.0144831,0.976286
10395.jpg,0.00369645,0.992135,0.00416866
10396.jpg,0.982709,0.00986093,0.0074296
10397.jpg,0.00369645,0.992135,0.00416866
10398.jpg,0.0134517,0.980685,0.00586296
10399.jpg,0.0135335,0.952098,0.0343682
10400.jpg,0.00369645,0.992135,0.00416866
10401.jpg,0.437484,0.558233,0.0042829
10402.jpg,0.982709,0.00986093,0.0074296
10403.jpg,0.00497668,0.00741704,0.987606
10404.jpg,0.00473943,0.989916,0.00534488
10405.jpg,0.139115,0.834524,0.026361
10406.jpg,0.00395729,0.991875,0.00416757
10407.jpg,0.982709,0.00986093,0.0074296
10408.jpg,0.00369645,0.992135,0.00416866
10409.jpg,0.0244934,0.965395,0.0101115
10410.jpg,0.00369645,0.992135,0.00416866
10411.jpg,0.00369645,0.992135,0.00416866
10412.jpg,0.982709,0.00986093,0.0074296
10413.jpg,0.00497668,0.00741704,0.987606
10414.jpg,0.0129148,0.834764,0.152321
10415.jpg,0.00382189,0.99201,0.00416814
10416.jpg,0.00497668,0.00741704,0.987606
10417.jpg,0.00369645,0.992135,0.00416866
10418.jpg,0.00369645,0.992135,0.00416866
10419.jpg,0.0218407,0.658636,0.319524
10420.jpg,0.982709,0.00986093,0.0074296
10421.jpg,0.00369645,0.992135,0.00416866
10422.jpg,0.00950668,0.986349,0.00414435
10423.jpg,0.00888332,0.98697,0.00414696
10424.jpg,0.00497668,0.00741704,0.987606
10425.jpg,0.00395729,0.991875,0.00416757
10426.jpg,0.008847,0.983927,0.00722608
10427.jpg,0.00369645,0.992135,0.00416866
10428.jpg,0.00473943,0.989916,0.00534488
10429.jpg,0.967013,0.0256762,0.00731093
10430.jpg,0.501557,0.268399,0.230044
10431.jpg,0.0536067,0.937586,0.00880717
10432.jpg,0.00497668,0.00741704,0.987606
10433.jpg,0.00369645,0.992135,0.00416866
10434.jpg,0.00497668,0.00741704,0.987606
10435.jpg,0.00497668,0.00741704,0.987606
10436.jpg,0.245181,0.720787,0.0340328
10437.jpg,0.00369645,0.992135,0.00416866
10438.jpg,0.00497668,0.00741704,0.987606
10439.jpg,0.00838213,0.932479,0.0591384
10440.jpg,0.0102546,0.0247397,0.965006
10441.jpg,0.00918316,0.986671,0.00414571
10442.jpg,0.00557235,0.0148183,0.979609
10443.jpg,0.0274254,0.0304892,0.942086
10444.jpg,0.00367786,0.987146,0.00917585
10445.jpg,0.982709,0.00986093,0.0074296
10446.jpg,0.982709,0.00986093,0.0074296
10447.jpg,0.00888332,0.98697,0.00414696
10448.jpg,0.0361837,0.107568,0.856248
10449.jpg,0.00369645,0.992135,0.00416866
10450.jpg,0.0057666,0.987992,0.00624131
10451.jpg,0.982709,0.00986093,0.0074296
10452.jpg,0.0125542,0.983314,0.0041316
10453.jpg,0.174731,0.818779,0.00649042
10454.jpg,0.968605,0.0232407,0.0081544
10455.jpg,0.00369645,0.992135,0.00416866
10456.jpg,0.00497668,0.00741704,0.987606
10457.jpg,0.982709,0.00986093,0.0074296
10458.jpg,0.00514335,0.990694,0.00416261
10459.jpg,0.00497668,0.00741704,0.987606
10460.jpg,0.212168,0.22585,0.561982
10461.jpg,0.00465818,0.991177,0.00416464
10462.jpg,0.00497668,0.00741704,0.987606
10463.jpg,0.00369645,0.992135,0.00416866
10464.jpg,0.0266295,0.446747,0.526624
10465.jpg,0.012723,0.0609524,0.926325
10466.jpg,0.00497668,0.00741704,0.987606
10467.jpg,0.827448,0.148776,0.0237763
10468.jpg,0.00395729,0.991875,0.00416757
10469.jpg,0.00497668,0.00741704,0.987606
10470.jpg,0.00852095,0.0255131,0.965966
10471.jpg,0.00497668,0.00741704,0.987606
10472.jpg,0.0183411,0.975825,0.0058339
10473.jpg,0.00369645,0.992135,0.00416866
10474.jpg,0.00497668,0.00741704,0.987606
10475.jpg,0.0909587,0.899619,0.00942258
10476.jpg,0.975496,0.0117698,0.0127341
10477.jpg,0.0051151,0.0128086,0.982076
10478.jpg,0.0467203,0.0245112,0.928768
10479.jpg,0.00950668,0.986349,0.00414435
10480.jpg,0.00369645,0.992135,0.00416866
10481.jpg,0.00497668,0.00741704,0.987606
10482.jpg,0.00497668,0.00741704,0.987606
10483.jpg,0.0050163,0.988234,0.00675001
10484.jpg,0.00369645,0.992135,0.00416866
10485.jpg,0.982709,0.00986093,0.0074296
10486.jpg,0.0758185,0.917896,0.00628518
10487.jpg,0.0252709,0.432912,0.541817
10488.jpg,0.00369645,0.992135,0.00416866
10489.jpg,0.016957,0.976358,0.00668549
10490.jpg,0.00369645,0.992135,0.00416866
10491.jpg,0.94259,0.0453517,0.0120581
10492.jpg,0.0112887,0.973258,0.0154537
10493.jpg,0.00367737,0.987014,0.00930909
10494.jpg,0.0174417,0.97568,0.00687819
10495.jpg,0.95464,0.0348327,0.0105272
10496.jpg,0.044517,0.77263,0.182853
10497.jpg,0.00744021,0.0186308,0.973929
10498.jpg,0.0130772,0.00735666,0.979566
10499.jpg,0.00369645,0.992135,0.00416866
10500.jpg,0.0133514,0.97762,0.00902906
10501.jpg,0.00369645,0.992135,0.00416866
10502.jpg,0.00514534,0.00741578,0.987439
10503.jpg,0.00742923,0.0200794,0.972491
10504.jpg,0.0190403,0.974288,0.00667132
10505.jpg,0.00497668,0.00741704,0.987606
10506.jpg,0.982709,0.00986093,0.0074296
10507.jpg,0.00888332,0.98697,0.00414696
10508.jpg,0.237117,0.72955,0.0333336
10509.jpg,0.00369645,0.992135,0.00416866
10510.jpg,0.00514534,0.00741578,0.987439
10511.jpg,0.00497668,0.00741704,0.987606
