image_name,Type_1,Type_2,Type_3
0.jpg,0.0340763,0.811228,0.154696
1.jpg,0.0193909,0.973851,0.00675805
2.jpg,0.969229,0.0261573,0.00461409
3.jpg,0.0170988,0.867286,0.115615
4.jpg,0.00577908,0.0429027,0.951318
5.jpg,0.0401937,0.951276,0.00852998
6.jpg,0.0316435,0.964413,0.00394382
7.jpg,0.0367152,0.894846,0.0684388
8.jpg,0.125385,0.86633,0.00828537
9.jpg,0.0188902,0.974881,0.00622858
10.jpg,0.0299125,0.939954,0.0301338
11.jpg,0.00607801,0.0370523,0.95687
12.jpg,0.0103232,0.858788,0.130888
13.jpg,0.0282117,0.097639,0.874149
14.jpg,0.00530025,0.985282,0.00941795
15.jpg,0.0179633,0.243411,0.738626
16.jpg,0.805176,0.0869122,0.107912
17.jpg,0.105073,0.873004,0.0219224
18.jpg,0.00622496,0.981824,0.0119514
19.jpg,0.0388741,0.0604968,0.900629
20.jpg,0.951886,0.0403671,0.0077467
21.jpg,0.00854551,0.975954,0.0155007
22.jpg,0.0153389,0.962308,0.0223527
23.jpg,0.858179,0.126235,0.0155857
24.jpg,0.0122798,0.975037,0.0126828
25.jpg,0.929572,0.0611139,0.00931455
26.jpg,0.240665,0.744355,0.01498
27.jpg,0.00911974,0.149124,0.841756
28.jpg,0.0240284,0.43508,0.540891
29.jpg,0.0175969,0.0540049,0.928398
30.jpg,0.760793,0.228223,0.0109839
31.jpg,0.0553777,0.905359,0.0392637
32.jpg,0.0549718,0.887735,0.0572931
33.jpg,0.418203,0.537914,0.0438828
34.jpg,0.0115466,0.762179,0.226274
35.jpg,0.0360499,0.159462,0.804488
36.jpg,0.0753832,0.915824,0.00879281
37.jpg,0.049636,0.784952,0.165412
38.jpg,0.0207226,0.792969,0.186309
39.jpg,0.828843,0.13692,0.0342371
40.jpg,0.0294898,0.155399,0.815111
41.jpg,0.00975839,0.977621,0.0126207
42.jpg,0.0126429,0.98145,0.00590745
43.jpg,0.0105228,0.977988,0.0114891
44.jpg,0.370066,0.580077,0.0498571
45.jpg,0.00917137,0.0915501,0.899279
46.jpg,0.902797,0.0703416,0.0268611
47.jpg,0.965305,0.0212229,0.0134718
48.jpg,0.0143252,0.116949,0.868726
49.jpg,0.00933735,0.0583196,0.932343
50.jpg,0.00579049,0.0558464,0.938363
51.jpg,0.940246,0.0381423,0.0216114
52.jpg,0.0154894,0.955663,0.028848
53.jpg,0.321761,0.225041,0.453198
54.jpg,0.00629555,0.0214248,0.97228
55.jpg,0.0171389,0.0330301,0.949831
56.jpg,0.0334183,0.948513,0.018069
57.jpg,0.191296,0.185472,0.623231
58.jpg,0.0529705,0.876854,0.0701761
59.jpg,0.880912,0.0886332,0.0304549
60.jpg,0.0158758,0.0809193,0.903205
61.jpg,0.0295824,0.964321,0.00609622
62.jpg,0.00438758,0.0377257,0.957887
63.jpg,0.00649797,0.986413,0.00708869
64.jpg,0.00632253,0.988407,0.00527059
65.jpg,0.870099,0.0773708,0.0525301
66.jpg,0.0100469,0.0358921,0.954061
67.jpg,0.016067,0.0311336,0.952799
68.jpg,0.0203672,0.703522,0.276111
69.jpg,0.00979629,0.0629307,0.927273
70.jpg,0.920184,0.0572377,0.0225779
71.jpg,0.0067394,0.988036,0.00522494
72.jpg,0.0930006,0.839174,0.0678257
73.jpg,0.90765,0.0812232,0.0111271
74.jpg,0.0226721,0.133229,0.844099
75.jpg,0.769996,0.222966,0.00703765
76.jpg,0.0124769,0.148442,0.839081
77.jpg,0.0990768,0.786795,0.114128
78.jpg,0.01363,0.0450509,0.941319
79.jpg,0.95905,0.0322863,0.0086634
80.jpg,0.0294531,0.52667,0.443877
81.jpg,0.137733,0.560098,0.302168
82.jpg,0.00680524,0.987386,0.00580903
83.jpg,0.0509255,0.26222,0.686854
84.jpg,0.812819,0.176359,0.0108215
85.jpg,0.0283218,0.873664,0.0980143
86.jpg,0.014488,0.0990351,0.886477
87.jpg,0.0128767,0.227012,0.760112
88.jpg,0.860367,0.101872,0.0377611
89.jpg,0.0123446,0.0420037,0.945652
90.jpg,0.966136,0.0257909,0.00807325
91.jpg,0.024487,0.967259,0.00825384
92.jpg,0.00584129,0.0592103,0.934948
93.jpg,0.0341428,0.95512,0.0107375
94.jpg,0.0077715,0.982781,0.00944715
95.jpg,0.0164259,0.952594,0.0309805
96.jpg,0.744933,0.244903,0.0101645
97.jpg,0.00845399,0.0215285,0.970017
98.jpg,0.0255826,0.968021,0.00639682
99.jpg,0.0137907,0.0552628,0.930947
100.jpg,0.897144,0.0961315,0.00672401
101.jpg,0.0517546,0.929195,0.0190502
102.jpg,0.0218984,0.968598,0.00950319
103.jpg,0.959589,0.0311256,0.00928553
104.jpg,0.00538466,0.952269,0.0423468
105.jpg,0.00914122,0.764043,0.226816
106.jpg,0.0144471,0.969716,0.0158364
107.jpg,0.0279096,0.96276,0.0093301
108.jpg,0.00639688,0.125073,0.86853
109.jpg,0.0114919,0.12254,0.865968
110.jpg,0.0362271,0.839324,0.124449
111.jpg,0.927391,0.043439,0.0291699
112.jpg,0.0205435,0.230657,0.748799
113.jpg,0.00537581,0.0205351,0.974089
114.jpg,0.01547,0.970146,0.0143845
115.jpg,0.00742612,0.978601,0.0139726
116.jpg,0.00864829,0.292718,0.698633
117.jpg,0.0568173,0.917389,0.0257938
118.jpg,0.0134353,0.0577242,0.928841
119.jpg,0.0288121,0.833255,0.137933
120.jpg,0.00701555,0.969946,0.0230385
121.jpg,0.0280873,0.947588,0.0243244
122.jpg,0.00833935,0.0357521,0.955909
123.jpg,0.938196,0.0552541,0.00655004
124.jpg,0.011725,0.0961549,0.89212
125.jpg,0.00924048,0.0926701,0.898089
126.jpg,0.0347552,0.926278,0.0389667
127.jpg,0.00635399,0.983798,0.009848
128.jpg,0.0377676,0.950268,0.0119646
129.jpg,0.0076482,0.98402,0.00833132
130.jpg,0.0324649,0.952248,0.0152876
131.jpg,0.0139391,0.0428995,0.943161
132.jpg,0.00890062,0.0274564,0.963643
133.jpg,0.00445879,0.0344581,0.961083
134.jpg,0.0104941,0.982742,0.00676379
135.jpg,0.00767792,0.95443,0.0378919
136.jpg,0.183395,0.809047,0.00755832
137.jpg,0.0522221,0.813004,0.134774
138.jpg,0.256262,0.619939,0.123799
139.jpg,0.0199706,0.899413,0.0806164
140.jpg,0.00729987,0.964301,0.028399
141.jpg,0.00652533,0.126781,0.866694
142.jpg,0.944935,0.0480135,0.00705135
143.jpg,0.0202584,0.156431,0.823311
144.jpg,0.0820871,0.902805,0.0151078
145.jpg,0.0171976,0.0358216,0.946981
146.jpg,0.0259368,0.968333,0.00572971
147.jpg,0.00940152,0.872615,0.117984
148.jpg,0.017511,0.925321,0.0571679
149.jpg,0.0281774,0.309432,0.66239
150.jpg,0.970747,0.0208842,0.00836858
151.jpg,0.0755239,0.39102,0.533456
152.jpg,0.013663,0.973988,0.0123494
153.jpg,0.00602002,0.0362742,0.957706
154.jpg,0.928281,0.0597326,0.0119866
155.jpg,0.0348932,0.272073,0.693033
156.jpg,0.00761946,0.98501,0.00737041
157.jpg,0.0146089,0.153282,0.832109
158.jpg,0.0117884,0.0727965,0.915415
159.jpg,0.0134912,0.981945,0.0045633
160.jpg,0.816659,0.171693,0.0116483
161.jpg,0.0236591,0.375862,0.600479
162.jpg,0.0263921,0.321826,0.651782
163.jpg,0.013055,0.977867,0.00907743
164.jpg,0.0454278,0.734699,0.219873
165.jpg,0.962902,0.029335,0.00776333
166.jpg,0.942097,0.0519418,0.00596159
167.jpg,0.00640801,0.0383428,0.955249
168.jpg,0.909543,0.0653129,0.025144
169.jpg,0.0246542,0.969783,0.00556238
170.jpg,0.00732108,0.98213,0.0105492
171.jpg,0.0238548,0.817987,0.158158
172.jpg,0.023234,0.946758,0.0300083
173.jpg,0.906764,0.0794819,0.0137545
174.jpg,0.00781501,0.983487,0.00869796
175.jpg,0.0257956,0.0723882,0.901816
176.jpg,0.00902124,0.983999,0.00697947
177.jpg,0.0134221,0.971575,0.015003
178.jpg,0.0352608,0.0612398,0.903499
179.jpg,0.0168863,0.950835,0.0322786
180.jpg,0.0076008,0.0957093,0.89669
181.jpg,0.877922,0.0966417,0.0254359
182.jpg,0.00681935,0.0382442,0.954937
183.jpg,0.0208584,0.626588,0.352553
184.jpg,0.00828453,0.0541624,0.937553
185.jpg,0.00785078,0.0325707,0.959578
186.jpg,0.00959956,0.979332,0.0110686
187.jpg,0.0547567,0.935413,0.00983029
188.jpg,0.00665421,0.911918,0.0814279
189.jpg,0.0128482,0.0661678,0.920984
190.jpg,0.0128824,0.979682,0.0074352
191.jpg,0.131656,0.80236,0.0659839
192.jpg,0.00875523,0.0392147,0.95203
193.jpg,0.941297,0.0460316,0.0126712
194.jpg,0.0130657,0.936392,0.0505424
195.jpg,0.927055,0.0414954,0.0314492
196.jpg,0.953281,0.0367225,0.00999628
197.jpg,0.0298038,0.939294,0.0309021
198.jpg,0.0130814,0.247096,0.739822
199.jpg,0.0080757,0.219547,0.772377
200.jpg,0.00629153,0.981064,0.0126447
201.jpg,0.0211852,0.961441,0.0173742
202.jpg,0.51311,0.357306,0.129584
203.jpg,0.00614675,0.934382,0.0594716
204.jpg,0.0202791,0.351719,0.628002
205.jpg,0.0127382,0.030331,0.956931
206.jpg,0.128082,0.818225,0.0536934
207.jpg,0.0203622,0.0841044,0.895533
208.jpg,0.00655398,0.0277412,0.965705
209.jpg,0.00787721,0.0248732,0.96725
210.jpg,0.023618,0.0791787,0.897203
211.jpg,0.0211308,0.970891,0.00797785
212.jpg,0.0105079,0.984462,0.00503055
213.jpg,0.0137623,0.037577,0.948661
214.jpg,0.073826,0.904217,0.0219575
215.jpg,0.0150929,0.952841,0.0320659
216.jpg,0.0310463,0.955951,0.0130028
217.jpg,0.0856893,0.87331,0.0410006
218.jpg,0.0153117,0.97913,0.0055583
219.jpg,0.00829645,0.959213,0.032491
220.jpg,0.338245,0.61036,0.0513945
221.jpg,0.102407,0.416685,0.480909
222.jpg,0.010459,0.0560434,0.933498
223.jpg,0.0093815,0.0457116,0.944907
224.jpg,0.00621212,0.0602375,0.93355
225.jpg,0.00712266,0.954652,0.0382253
226.jpg,0.0149175,0.385168,0.599914
227.jpg,0.010473,0.985676,0.00385144
228.jpg,0.0116285,0.979004,0.00936779
229.jpg,0.0512153,0.880037,0.0687478
230.jpg,0.0991566,0.87755,0.0232938
231.jpg,0.966024,0.0250482,0.00892768
232.jpg,0.940938,0.0427143,0.0163477
233.jpg,0.0193837,0.971956,0.00866058
234.jpg,0.0135565,0.136249,0.850195
235.jpg,0.0159572,0.975401,0.00864166
236.jpg,0.0331597,0.787573,0.179267
237.jpg,0.101508,0.784461,0.114031
238.jpg,0.00630064,0.029874,0.963825
239.jpg,0.00669129,0.969237,0.0240721
240.jpg,0.0077425,0.0260507,0.966207
241.jpg,0.0350796,0.560524,0.404397
242.jpg,0.0112973,0.966247,0.022456
243.jpg,0.116944,0.817136,0.0659205
244.jpg,0.013491,0.0330261,0.953483
245.jpg,0.649541,0.306447,0.0440115
246.jpg,0.034298,0.947521,0.0181811
247.jpg,0.0313532,0.77554,0.193107
248.jpg,0.610934,0.183756,0.20531
249.jpg,0.904669,0.0853315,0.00999925
250.jpg,0.0136182,0.977173,0.00920916
251.jpg,0.737486,0.204225,0.0582891
252.jpg,0.129843,0.547961,0.322196
253.jpg,0.019623,0.0485771,0.9318
254.jpg,0.00727382,0.0357066,0.95702
255.jpg,0.0115898,0.886948,0.101462
256.jpg,0.00534824,0.0287624,0.965889
257.jpg,0.0113858,0.98197,0.00664396
258.jpg,0.0103685,0.0357953,0.953836
259.jpg,0.022738,0.130104,0.847158
260.jpg,0.807634,0.182692,0.00967341
261.jpg,0.0718706,0.916683,0.0114462
262.jpg,0.0412278,0.925782,0.0329906
263.jpg,0.00675535,0.987342,0.00590251
264.jpg,0.930964,0.0465713,0.0224651
265.jpg,0.00811241,0.0300398,0.961848
266.jpg,0.00575766,0.0335399,0.960702
267.jpg,0.0682316,0.910195,0.0215731
268.jpg,0.956868,0.0302941,0.0128379
269.jpg,0.0251207,0.969475,0.00540442
270.jpg,0.00571,0.043554,0.950736
271.jpg,0.350351,0.632196,0.0174523
272.jpg,0.0186962,0.155428,0.825876
273.jpg,0.0280763,0.0803418,0.891582
274.jpg,0.0133456,0.97864,0.00801411
275.jpg,0.00663772,0.0541711,0.939191
276.jpg,0.013439,0.888867,0.0976944
277.jpg,0.137227,0.763645,0.0991281
278.jpg,0.00815652,0.0420032,0.94984
279.jpg,0.00571256,0.0564028,0.937885
280.jpg,0.0262109,0.954574,0.0192155
281.jpg,0.232845,0.71368,0.0534752
282.jpg,0.0197608,0.975625,0.00461405
283.jpg,0.0523316,0.510704,0.436964
284.jpg,0.00577548,0.0280269,0.966198
285.jpg,0.125319,0.842782,0.031899
286.jpg,0.0258566,0.222448,0.751695
287.jpg,0.00733172,0.0258628,0.966806
288.jpg,0.0110985,0.139019,0.849882
289.jpg,0.933726,0.047436,0.0188378
290.jpg,0.209822,0.740851,0.0493271
291.jpg,0.0110884,0.971172,0.0177398
292.jpg,0.0425298,0.825029,0.132441
293.jpg,0.953893,0.0404437,0.00566339
294.jpg,0.389199,0.243445,0.367356
295.jpg,0.0220917,0.961912,0.015996
296.jpg,0.00556228,0.985788,0.00864998
297.jpg,0.0205848,0.94749,0.0319252
298.jpg,0.0655645,0.24334,0.691096
299.jpg,0.963593,0.0268652,0.00954134
300.jpg,0.0201235,0.53666,0.443216
301.jpg,0.00536015,0.0659121,0.928728
302.jpg,0.008492,0.983822,0.00768613
303.jpg,0.97418,0.0216978,0.00412207
304.jpg,0.957063,0.0299781,0.0129593
305.jpg,0.0129826,0.942336,0.0446812
306.jpg,0.0180098,0.0626458,0.919344
307.jpg,0.00745418,0.131571,0.860974
308.jpg,0.956533,0.0298439,0.0136227
309.jpg,0.00431019,0.0236331,0.972057
310.jpg,0.0110083,0.0534333,0.935558
311.jpg,0.051934,0.103127,0.844939
312.jpg,0.956166,0.0342615,0.00957286
313.jpg,0.0164922,0.975034,0.00847399
314.jpg,0.00682558,0.982574,0.0106008
315.jpg,0.00818111,0.981574,0.0102453
316.jpg,0.894657,0.0655207,0.0398225
317.jpg,0.939929,0.0468769,0.0131943
318.jpg,0.00631835,0.987961,0.00572112
319.jpg,0.0150383,0.756124,0.228837
320.jpg,0.0123481,0.981804,0.00584767
321.jpg,0.452271,0.515288,0.0324411
322.jpg,0.00945357,0.957524,0.0330228
323.jpg,0.0190095,0.0637895,0.917201
324.jpg,0.025396,0.960766,0.0138383
325.jpg,0.0144396,0.0790575,0.906503
326.jpg,0.00508568,0.0334379,0.961476
327.jpg,0.0614041,0.910516,0.0280796
328.jpg,0.0141069,0.0931577,0.892735
329.jpg,0.0220525,0.130455,0.847493
330.jpg,0.928909,0.0498978,0.0211927
331.jpg,0.958415,0.0311873,0.0103981
332.jpg,0.0073975,0.983186,0.00941693
333.jpg,0.00711411,0.0537097,0.939176
334.jpg,0.00909365,0.0399313,0.950975
335.jpg,0.00543065,0.0329023,0.961667
336.jpg,0.841547,0.148833,0.00962034
337.jpg,0.0174773,0.584044,0.398479
338.jpg,0.0111552,0.980289,0.00855618
339.jpg,0.00683887,0.0241342,0.969027
340.jpg,0.0129053,0.974867,0.0122275
341.jpg,0.0106045,0.933999,0.055396
342.jpg,0.929508,0.0503213,0.0201711
343.jpg,0.0091725,0.0454365,0.945391
344.jpg,0.970532,0.0245329,0.00493556
345.jpg,0.971263,0.0224958,0.00624071
346.jpg,0.0100008,0.964751,0.0252483
347.jpg,0.00979549,0.980782,0.0094223
348.jpg,0.0348513,0.953592,0.0115562
349.jpg,0.743848,0.224069,0.0320836
350.jpg,0.0123348,0.950347,0.0373178
351.jpg,0.0328442,0.281761,0.685395
352.jpg,0.0233884,0.575887,0.400724
353.jpg,0.0139146,0.0475733,0.938512
354.jpg,0.0327555,0.957319,0.00992583
355.jpg,0.901763,0.0745745,0.0236621
356.jpg,0.942633,0.0380614,0.0193058
357.jpg,0.0156078,0.94831,0.0360818
358.jpg,0.0237749,0.962663,0.0135616
359.jpg,0.0320981,0.0739596,0.893942
360.jpg,0.00843235,0.981583,0.00998461
361.jpg,0.0284171,0.662312,0.309271
362.jpg,0.0152767,0.978528,0.00619499
363.jpg,0.00737043,0.982641,0.00998831
364.jpg,0.00521835,0.0415098,0.953272
365.jpg,0.00840133,0.987453,0.00414567
366.jpg,0.00705171,0.0360194,0.956929
367.jpg,0.964038,0.0299106,0.00605101
368.jpg,0.0757437,0.807093,0.117164
369.jpg,0.0109385,0.970385,0.0186761
370.jpg,0.00685161,0.968101,0.0250476
371.jpg,0.906082,0.0786045,0.0153131
372.jpg,0.0056762,0.0173373,0.976986
373.jpg,0.00682663,0.0237714,0.969402
374.jpg,0.0927284,0.686388,0.220884
375.jpg,0.0220545,0.969036,0.00890914
376.jpg,0.00854884,0.134621,0.85683
377.jpg,0.952566,0.0313686,0.0160651
378.jpg,0.00715198,0.963057,0.0297911
379.jpg,0.00560739,0.0242128,0.97018
380.jpg,0.231383,0.50473,0.263888
381.jpg,0.0388328,0.701709,0.259458
382.jpg,0.941972,0.0488018,0.00922662
383.jpg,0.0145695,0.972661,0.0127693
384.jpg,0.0144622,0.951128,0.0344103
385.jpg,0.00766445,0.977832,0.0145039
386.jpg,0.00541764,0.0241548,0.970428
387.jpg,0.00937,0.0311204,0.95951
388.jpg,0.0151751,0.107415,0.87741
389.jpg,0.011005,0.908139,0.0808561
390.jpg,0.027661,0.957317,0.0150222
391.jpg,0.00846076,0.958337,0.0332021
392.jpg,0.00775477,0.986538,0.00570774
393.jpg,0.00593177,0.0306835,0.963385
394.jpg,0.0304464,0.954496,0.0150576
395.jpg,0.669791,0.315702,0.014507
396.jpg,0.0137529,0.967454,0.0187935
397.jpg,0.0469427,0.923481,0.0295761
398.jpg,0.00872274,0.925479,0.0657979
399.jpg,0.336782,0.579286,0.0839319
400.jpg,0.00495246,0.0222329,0.972815
401.jpg,0.0297178,0.0742982,0.895984
402.jpg,0.946048,0.0411863,0.0127656
403.jpg,0.0209483,0.941315,0.0377367
404.jpg,0.0237486,0.968808,0.00744359
405.jpg,0.0235875,0.894921,0.0814912
406.jpg,0.970667,0.0238951,0.00543746
407.jpg,0.00683995,0.989756,0.00340357
408.jpg,0.00768059,0.980152,0.0121671
409.jpg,0.00551984,0.0288315,0.965649
410.jpg,0.0085351,0.0281634,0.963301
411.jpg,0.0415633,0.846199,0.112238
412.jpg,0.0123293,0.0824507,0.90522
413.jpg,0.0602913,0.741515,0.198194
414.jpg,0.00739713,0.0373967,0.955206
415.jpg,0.966121,0.0237567,0.0101225
416.jpg,0.875863,0.102465,0.0216722
417.jpg,0.193754,0.733241,0.0730055
418.jpg,0.0070441,0.0309297,0.962026
419.jpg,0.912851,0.0552499,0.0318988
420.jpg,0.0874921,0.611858,0.30065
421.jpg,0.0586044,0.78068,0.160715
422.jpg,0.00731723,0.0216205,0.971062
423.jpg,0.0618634,0.137637,0.800499
424.jpg,0.0151271,0.979198,0.00567512
425.jpg,0.0346363,0.14944,0.815923
426.jpg,0.00696592,0.0322313,0.960803
427.jpg,0.0215199,0.962716,0.0157641
428.jpg,0.0139517,0.0414379,0.94461
429.jpg,0.00435072,0.0498563,0.945793
430.jpg,0.867011,0.119699,0.0132901
431.jpg,0.972743,0.0195352,0.00772176
432.jpg,0.0214302,0.0389276,0.939642
433.jpg,0.0242043,0.215284,0.760511
434.jpg,0.0337278,0.950579,0.0156934
435.jpg,0.0049418,0.0366681,0.95839
436.jpg,0.0617601,0.831057,0.107183
437.jpg,0.0249298,0.9348,0.04027
438.jpg,0.0130416,0.980205,0.00675291
439.jpg,0.024505,0.961932,0.013563
440.jpg,0.0359307,0.0713933,0.892676
441.jpg,0.0337058,0.92313,0.0431642
442.jpg,0.0227404,0.967831,0.0094288
443.jpg,0.0735967,0.883381,0.0430222
444.jpg,0.0211827,0.88138,0.0974369
445.jpg,0.113314,0.702133,0.184553
446.jpg,0.241525,0.704896,0.0535791
447.jpg,0.00973649,0.968342,0.0219211
448.jpg,0.0131197,0.465886,0.520995
449.jpg,0.964304,0.0315352,0.0041606
450.jpg,0.0108317,0.0265046,0.962664
451.jpg,0.020912,0.96288,0.0162084
452.jpg,0.00870701,0.0848242,0.906469
453.jpg,0.928533,0.0473647,0.0241026
454.jpg,0.0246765,0.80673,0.168593
455.jpg,0.00713208,0.0435816,0.949286
456.jpg,0.03131,0.236392,0.732298
457.jpg,0.963503,0.0241038,0.012393
458.jpg,0.899545,0.0664763,0.0339788
459.jpg,0.0119634,0.984565,0.00347161
460.jpg,0.949498,0.034051,0.0164513
461.jpg,0.0349358,0.911629,0.0534353
462.jpg,0.314096,0.47661,0.209293
463.jpg,0.0100684,0.309655,0.680277
464.jpg,0.00932685,0.984053,0.00662039
465.jpg,0.0081862,0.988084,0.0037294
466.jpg,0.0272415,0.967808,0.00495068
467.jpg,0.938915,0.0420773,0.0190079
468.jpg,0.267807,0.7077,0.0244932
469.jpg,0.0143335,0.7015,0.284166
470.jpg,0.228894,0.684566,0.0865392
471.jpg,0.0232996,0.968592,0.00810834
472.jpg,0.939356,0.0503143,0.0103294
473.jpg,0.484801,0.249968,0.265231
474.jpg,0.0590558,0.831959,0.108985
475.jpg,0.290692,0.680187,0.0291212
476.jpg,0.053672,0.903965,0.0423633
477.jpg,0.974586,0.0181128,0.00730162
478.jpg,0.0172297,0.955929,0.026841
479.jpg,0.00633326,0.0323452,0.961322
480.jpg,0.00711141,0.0533095,0.939579
481.jpg,0.00906213,0.0493855,0.941552
482.jpg,0.392528,0.595632,0.0118399
483.jpg,0.0257374,0.877837,0.0964259
484.jpg,0.0349506,0.0821368,0.882913
485.jpg,0.0202383,0.118656,0.861106
486.jpg,0.00394186,0.970024,0.026034
487.jpg,0.884875,0.100279,0.0148459
488.jpg,0.00697013,0.972821,0.0202088
489.jpg,0.905394,0.0498114,0.0447941
490.jpg,0.00969904,0.881534,0.108767
491.jpg,0.0170516,0.0638887,0.91906
492.jpg,0.0144346,0.975576,0.00998976
493.jpg,0.93897,0.0493308,0.0116991
494.jpg,0.0204409,0.743381,0.236178
495.jpg,0.0125643,0.978726,0.00870927
496.jpg,0.0298388,0.135117,0.835044
497.jpg,0.0133762,0.969295,0.0173292
498.jpg,0.156392,0.368213,0.475395
499.jpg,0.0060781,0.0711134,0.922809
500.jpg,0.017528,0.976492,0.00598013
501.jpg,0.0358342,0.948102,0.0160635
502.jpg,0.0567941,0.159833,0.783372
503.jpg,0.0141253,0.579441,0.406434
504.jpg,0.011358,0.0579599,0.930682
505.jpg,0.020275,0.901708,0.0780172
506.jpg,0.0317407,0.887309,0.0809502
507.jpg,0.0353079,0.832971,0.131721
508.jpg,0.0564857,0.876115,0.0673995
509.jpg,0.0123643,0.9776,0.0100356
510.jpg,0.0186977,0.839982,0.14132
511.jpg,0.0192654,0.101516,0.879219
10000.jpg,0.0205056,0.964023,0.0154712
10001.jpg,0.402189,0.290651,0.307161
10002.jpg,0.01673,0.422302,0.560968
10003.jpg,0.820068,0.155443,0.0244895
10004.jpg,0.0379288,0.951818,0.0102527
10005.jpg,0.00672249,0.988035,0.0052425
10006.jpg,0.0342714,0.749126,0.216602
10007.jpg,0.916422,0.0707984,0.0127793
10008.jpg,0.0735303,0.506918,0.419552
10009.jpg,0.0171615,0.977376,0.00546202
10010.jpg,0.0125223,0.0523043,0.935173
10011.jpg,0.0124987,0.222157,0.765344
10012.jpg,0.0127359,0.887534,0.09973
10013.jpg,0.00937526,0.0240736,0.966551
10014.jpg,0.0298657,0.925721,0.0444136
10015.jpg,0.0181559,0.0762574,0.905587
10016.jpg,0.0521199,0.855348,0.0925322
10017.jpg,0.0134412,0.0928634,0.893695
10018.jpg,0.0844694,0.647647,0.267883
10019.jpg,0.0313401,0.902212,0.0664482
10020.jpg,0.0111634,0.0589251,0.929911
10021.jpg,0.0146658,0.0632985,0.922036
10022.jpg,0.0585781,0.91487,0.0265524
10023.jpg,0.658826,0.298431,0.0427432
10024.jpg,0.0338711,0.753859,0.21227
10025.jpg,0.0513129,0.92175,0.0269369
10026.jpg,0.755225,0.200927,0.0438483
10027.jpg,0.0127714,0.103666,0.883562
10028.jpg,0.022568,0.0989965,0.878436
10029.jpg,0.207848,0.38529,0.406861
10030.jpg,0.0110329,0.0478606,0.941107
10031.jpg,0.0141822,0.0736771,0.912141
10032.jpg,0.0169902,0.908841,0.074169
10033.jpg,0.0130109,0.702606,0.284383
10034.jpg,0.010909,0.979642,0.00944885
10035.jpg,0.357381,0.573539,0.06908
10036.jpg,0.660391,0.315401,0.0242075
10037.jpg,0.242611,0.70522,0.0521692
10038.jpg,0.0117543,0.980081,0.00816508
10039.jpg,0.944867,0.0492488,0.00588397
10040.jpg,0.817487,0.131479,0.0510335
10041.jpg,0.0154117,0.977644,0.00694427
10042.jpg,0.0098433,0.0367115,0.953445
10043.jpg,0.0321637,0.94562,0.0222158
10044.jpg,0.815996,0.0864786,0.0975257
10045.jpg,0.0375154,0.956356,0.00612861
10046.jpg,0.772323,0.190131,0.0375465
10047.jpg,0.0355522,0.948694,0.015754
10048.jpg,0.0202513,0.174381,0.805368
10049.jpg,0.00874229,0.216644,0.774614
10050.jpg,0.0365667,0.956778,0.00665484
10051.jpg,0.025897,0.811711,0.162392
10052.jpg,0.00640154,0.0390475,0.954551
10053.jpg,0.0299723,0.757512,0.212515
10054.jpg,0.00694822,0.0348468,0.958205
10055.jpg,0.193932,0.604357,0.201711
10056.jpg,0.00957855,0.981106,0.00931523
10057.jpg,0.0255569,0.823958,0.150485
10058.jpg,0.953105,0.0364445,0.0104506
10059.jpg,0.0288971,0.142201,0.828902
10060.jpg,0.043635,0.945437,0.0109277
10061.jpg,0.00756139,0.647133,0.345306
10062.jpg,0.0507598,0.331235,0.618005
10063.jpg,0.0119191,0.979032,0.00904898
10064.jpg,0.0217544,0.965182,0.0130639
10065.jpg,0.0742474,0.521519,0.404234
10066.jpg,0.00643744,0.0250614,0.968501
10067.jpg,0.885075,0.104019,0.0109068
10068.jpg,0.026955,0.466757,0.506288
10069.jpg,0.0408106,0.916092,0.0430972
10070.jpg,0.949525,0.0431134,0.00736122
10071.jpg,0.0187817,0.926898,0.0543206
10072.jpg,0.005673,0.931764,0.0625625
10073.jpg,0.0220908,0.960901,0.0170087
10074.jpg,0.308914,0.640445,0.0506408
10075.jpg,0.972935,0.0211489,0.00591578
10076.jpg,0.00946801,0.0256552,0.964877
10077.jpg,0.0088787,0.0526802,0.938441
10078.jpg,0.0503254,0.941603,0.00807135
10079.jpg,0.0130262,0.0559142,0.93106
10080.jpg,0.525136,0.434097,0.040767
10081.jpg,0.947914,0.0418973,0.0101891
10082.jpg,0.853469,0.0851543,0.0613767
10083.jpg,0.00679997,0.0227689,0.970431
10084.jpg,0.00713102,0.971629,0.0212401
10085.jpg,0.0273663,0.902613,0.0700209
10086.jpg,0.00784469,0.972309,0.0198467
10087.jpg,0.0106625,0.982181,0.00715694
10088.jpg,0.0217687,0.284878,0.693353
10089.jpg,0.00658599,0.789761,0.203653
10090.jpg,0.832183,0.122659,0.0451571
10091.jpg,0.0140168,0.980936,0.00504694
10092.jpg,0.040869,0.917025,0.0421057
10093.jpg,0.0302769,0.920911,0.0488117
10094.jpg,0.0103829,0.97883,0.0107871
10095.jpg,0.0293977,0.0904238,0.880179
10096.jpg,0.974702,0.0193197,0.0059789
10097.jpg,0.549517,0.422734,0.0277488
10098.jpg,0.00851626,0.979163,0.0123204
10099.jpg,0.00814747,0.978265,0.0135876
10100.jpg,0.0475411,0.808187,0.144272
10101.jpg,0.0199916,0.224982,0.755026
10102.jpg,0.013214,0.737253,0.249533
10103.jpg,0.0052119,0.0308763,0.963912
10104.jpg,0.00627668,0.056701,0.937022
10105.jpg,0.0146785,0.0463962,0.938925
10106.jpg,0.0108725,0.0539778,0.93515
10107.jpg,0.00967392,0.0821941,0.908132
10108.jpg,0.245678,0.738056,0.0162669
10109.jpg,0.0229149,0.843624,0.133461
10110.jpg,0.00797206,0.0927527,0.899275
10111.jpg,0.0194201,0.975352,0.00522834
10112.jpg,0.0780143,0.830298,0.0916873
10113.jpg,0.00542756,0.0903233,0.904249
10114.jpg,0.943849,0.0450016,0.0111493
10115.jpg,0.0180632,0.560896,0.421041
10116.jpg,0.0386418,0.94584,0.0155188
10117.jpg,0.950476,0.038235,0.0112887
10118.jpg,0.888036,0.105579,0.00638445
10119.jpg,0.936539,0.0507641,0.0126969
10120.jpg,0.927515,0.0564338,0.0160516
10121.jpg,0.0363139,0.35574,0.607946
10122.jpg,0.121131,0.639445,0.239424
10123.jpg,0.0630836,0.925548,0.0113682
10124.jpg,0.013607,0.980872,0.00552143
10125.jpg,0.00922334,0.952516,0.0382603
10126.jpg,0.0217052,0.970455,0.00783952
10127.jpg,0.127565,0.69146,0.180974
10128.jpg,0.0216835,0.92489,0.0534261
10129.jpg,0.0104807,0.954192,0.0353273
10130.jpg,0.0320997,0.921094,0.0468065
10131.jpg,0.00833629,0.978442,0.0132218
10132.jpg,0.807262,0.180517,0.0122208
10133.jpg,0.0138516,0.973472,0.0126765
10134.jpg,0.00497523,0.0295459,0.965479
10135.jpg,0.00762129,0.0578329,0.934546
10136.jpg,0.966347,0.0278279,0.00582498
10137.jpg,0.0345443,0.596609,0.368846
10138.jpg,0.0211067,0.947317,0.0315761
10139.jpg,0.00938438,0.0537165,0.936899
10140.jpg,0.0998975,0.675558,0.224545
10141.jpg,0.166609,0.815323,0.018068
10142.jpg,0.0109393,0.849773,0.139287
10143.jpg,0.355159,0.340877,0.303963
10144.jpg,0.0135581,0.97576,0.0106814
10145.jpg,0.0172728,0.945297,0.0374303
10146.jpg,0.461455,0.512609,0.0259357
10147.jpg,0.0917467,0.838319,0.0699338
10148.jpg,0.0107731,0.0224773,0.96675
10149.jpg,0.00733222,0.983781,0.00888728
10150.jpg,0.00762898,0.981852,0.0105188
10151.jpg,0.00572503,0.985358,0.00891728
10152.jpg,0.00968701,0.877168,0.113145
10153.jpg,0.0232016,0.0831603,0.893638
10154.jpg,0.945786,0.0413753,0.0128386
10155.jpg,0.0139376,0.974591,0.0114713
10156.jpg,0.00647593,0.986517,0.00700711
10157.jpg,0.964379,0.0247892,0.0108319
10158.jpg,0.0268988,0.905939,0.0671623
10159.jpg,0.963118,0.0294581,0.00742422
10160.jpg,0.0429505,0.86923,0.0878192
10161.jpg,0.0162728,0.0510725,0.932655
10162.jpg,0.893029,0.0615442,0.0454267
10163.jpg,0.0914599,0.869628,0.0389117
10164.jpg,0.0211222,0.0505039,0.928374
10165.jpg,0.00997323,0.0306946,0.959332
10166.jpg,0.104612,0.880992,0.0143969
10167.jpg,0.0165305,0.450493,0.532977
10168.jpg,0.0386156,0.806328,0.155056
10169.jpg,0.953164,0.0339477,0.0128881
10170.jpg,0.00710069,0.0566249,0.936274
10171.jpg,0.00726664,0.0364171,0.956316
10172.jpg,0.0166451,0.389884,0.593471
10173.jpg,0.0167621,0.966971,0.016267
10174.jpg,0.00651786,0.112077,0.881405
10175.jpg,0.0274913,0.894301,0.0782072
10176.jpg,0.107477,0.12597,0.766553
10177.jpg,0.0112161,0.951967,0.0368173
10178.jpg,0.0124772,0.97586,0.0116626
10179.jpg,0.0244288,0.0771948,0.898376
10180.jpg,0.0243998,0.922392,0.053208
10181.jpg,0.922411,0.0638934,0.0136957
10182.jpg,0.113229,0.836399,0.0503717
10183.jpg,0.00903261,0.101656,0.889312
10184.jpg,0.0250498,0.961744,0.0132061
10185.jpg,0.0517362,0.726479,0.221785
10186.jpg,0.0491636,0.915696,0.0351402
10187.jpg,0.0153595,0.56603,0.41861
10188.jpg,0.00725964,0.546809,0.445931
10189.jpg,0.0262704,0.186432,0.787298
10190.jpg,0.18398,0.802644,0.0133756
10191.jpg,0.526534,0.380862,0.0926044
10192.jpg,0.0260933,0.900139,0.0737683
10193.jpg,0.954392,0.0271783,0.0184294
10194.jpg,0.658274,0.32539,0.0163358
10195.jpg,0.00862949,0.130714,0.860656
10196.jpg,0.417134,0.53995,0.0429158
10197.jpg,0.0288388,0.883232,0.0879292
10198.jpg,0.0425977,0.65989,0.297512
10199.jpg,0.24152,0.726954,0.0315263
10200.jpg,0.0122064,0.933236,0.0545581
10201.jpg,0.0118838,0.956847,0.0312689
10202.jpg,0.00626431,0.0462784,0.947457
10203.jpg,0.0236486,0.650387,0.325964
10204.jpg,0.0510866,0.860628,0.088285
10205.jpg,0.951264,0.0345183,0.0142175
10206.jpg,0.0195148,0.969991,0.010494
10207.jpg,0.0167916,0.970578,0.0126303
10208.jpg,0.0316666,0.860276,0.108057
10209.jpg,0.0243424,0.0565868,0.919071
10210.jpg,0.292586,0.526236,0.181178
10211.jpg,0.0106701,0.977643,0.0116868
10212.jpg,0.0306834,0.813735,0.155582
10213.jpg,0.0111074,0.932023,0.0568691
10214.jpg,0.0137616,0.974265,0.0119729
10215.jpg,0.0080064,0.0288304,0.963163
10216.jpg,0.0134608,0.835866,0.150674
10217.jpg,0.0202381,0.975391,0.00437074
10218.jpg,0.00791199,0.97102,0.0210676
10219.jpg,0.963646,0.0291934,0.00716081
10220.jpg,0.0887138,0.82146,0.0898264
10221.jpg,0.94787,0.0388137,0.0133162
10222.jpg,0.0220075,0.0586356,0.919357
10223.jpg,0.00565246,0.026515,0.967833
10224.jpg,0.168278,0.590127,0.241595
10225.jpg,0.00511816,0.0411637,0.953718
10226.jpg,0.00788914,0.0511558,0.940955
10227.jpg,0.00997086,0.0493245,0.940705
10228.jpg,0.0624895,0.923681,0.0138293
10229.jpg,0.0996757,0.878271,0.0220533
10230.jpg,0.00771543,0.984527,0.00775719
10231.jpg,0.66282,0.145141,0.192039
10232.jpg,0.0146219,0.258816,0.726562
10233.jpg,0.729003,0.2599,0.0110969
10234.jpg,0.168342,0.562933,0.268725
10235.jpg,0.0084223,0.967647,0.0239306
10236.jpg,0.0099824,0.0303796,0.959638
10237.jpg,0.0375944,0.264396,0.698009
10238.jpg,0.0247627,0.939863,0.0353742
10239.jpg,0.00698442,0.973497,0.019519
10240.jpg,0.0290727,0.350293,0.620635
10241.jpg,0.0129683,0.140039,0.846993
10242.jpg,0.00935528,0.46078,0.529865
10243.jpg,0.197068,0.796103,0.0068297
10244.jpg,0.0196164,0.114053,0.866331
10245.jpg,0.0338352,0.429834,0.536331
10246.jpg,0.0131167,0.898792,0.0880911
10247.jpg,0.890754,0.0843206,0.0249256
10248.jpg,0.0159829,0.263402,0.720615
10249.jpg,0.786256,0.184778,0.0289667
10250.jpg,0.0172203,0.845233,0.137547
10251.jpg,0.72894,0.176685,0.0943752
10252.jpg,0.186291,0.801139,0.0125701
10253.jpg,0.0121942,0.959576,0.0282294
10254.jpg,0.0116765,0.970876,0.0174477
10255.jpg,0.0609265,0.912288,0.0267858
10256.jpg,0.116051,0.448854,0.435095
10257.jpg,0.01189,0.141916,0.846194
10258.jpg,0.738436,0.141975,0.119589
10259.jpg,0.00774327,0.0654847,0.926772
10260.jpg,0.0138143,0.0731371,0.913049
10261.jpg,0.49836,0.352944,0.148696
10262.jpg,0.0221697,0.970114,0.00771654
10263.jpg,0.943066,0.0368289,0.0201052
10264.jpg,0.0155268,0.976562,0.0079117
10265.jpg,0.011774,0.0596517,0.928574
10266.jpg,0.0185837,0.951803,0.0296136
10267.jpg,0.00874585,0.850795,0.140459
10268.jpg,0.956158,0.0332902,0.0105523
10269.jpg,0.478854,0.507485,0.013661
10270.jpg,0.586891,0.380872,0.0322366
10271.jpg,0.0232903,0.961543,0.0151664
10272.jpg,0.0215785,0.564401,0.414021
10273.jpg,0.0430693,0.925646,0.0312852
10274.jpg,0.76738,0.194544,0.0380755
10275.jpg,0.263522,0.321739,0.414739
10276.jpg,0.0156437,0.969054,0.0153024
10277.jpg,0.53935,0.231201,0.22945
10278.jpg,0.908167,0.0819972,0.00983599
10279.jpg,0.0549458,0.893185,0.0518689
10280.jpg,0.0500808,0.857121,0.0927985
10281.jpg,0.885321,0.0874052,0.027274
10282.jpg,0.0494814,0.0637816,0.886737
10283.jpg,0.1695,0.818528,0.011973
10284.jpg,0.225401,0.286459,0.48814
10285.jpg,0.00749512,0.0364875,0.956017
10286.jpg,0.263413,0.534099,0.202489
10287.jpg,0.00680752,0.98264,0.0105524
10288.jpg,0.00798327,0.114551,0.877466
10289.jpg,0.128194,0.630667,0.241139
10290.jpg,0.0440019,0.669973,0.286025
10291.jpg,0.0395554,0.892834,0.0676102
10292.jpg,0.0188611,0.212165,0.768974
10293.jpg,0.0146213,0.913825,0.0715534
10294.jpg,0.0199985,0.604998,0.375003
10295.jpg,0.0147368,0.926022,0.059241
10296.jpg,0.0646723,0.928654,0.00667373
10297.jpg,0.706655,0.270739,0.0226061
10298.jpg,0.898739,0.0606026,0.0406588
10299.jpg,0.0235372,0.60466,0.371803
10300.jpg,0.0440247,0.945058,0.0109174
10301.jpg,0.194732,0.656686,0.148582
10302.jpg,0.00503645,0.0452062,0.949757
10303.jpg,0.105671,0.212895,0.681434
10304.jpg,0.0123568,0.154901,0.832743
10305.jpg,0.189153,0.74128,0.0695664
10306.jpg,0.0735193,0.798219,0.128262
10307.jpg,0.91547,0.0492821,0.0352479
10308.jpg,0.00666141,0.0372542,0.956084
10309.jpg,0.0115693,0.0825424,0.905888
10310.jpg,0.00504767,0.0491936,0.945759
10311.jpg,0.0157352,0.139911,0.844354
10312.jpg,0.0198281,0.904082,0.0760895
10313.jpg,0.0440907,0.79169,0.164219
10314.jpg,0.00575613,0.98887,0.00537409
10315.jpg,0.0118737,0.938892,0.0492344
10316.jpg,0.00686863,0.943864,0.0492672
10317.jpg,0.0260928,0.963796,0.0101115
10318.jpg,0.0060309,0.0641193,0.92985
10319.jpg,0.0693145,0.413577,0.517109
10320.jpg,0.0126164,0.963623,0.0237608
10321.jpg,0.0380202,0.920183,0.041797
10322.jpg,0.00711222,0.0231205,0.969767
10323.jpg,0.00515325,0.0172328,0.977614
10324.jpg,0.0517495,0.780534,0.167716
10325.jpg,0.0140074,0.0521964,0.933796
10326.jpg,0.00813939,0.111231,0.880629
10327.jpg,0.949786,0.0392425,0.0109715
10328.jpg,0.0157349,0.978521,0.00574456
10329.jpg,0.0895867,0.821469,0.0889444
10330.jpg,0.00717408,0.0282194,0.964607
10331.jpg,0.00868582,0.969878,0.0214361
10332.jpg,0.00871969,0.0250613,0.966219
10333.jpg,0.00580258,0.0279274,0.96627
10334.jpg,0.0488546,0.82457,0.126576
10335.jpg,0.645947,0.28321,0.070843
10336.jpg,0.938501,0.0369748,0.0245244
10337.jpg,0.00863673,0.985324,0.0060398
10338.jpg,0.198142,0.772624,0.029234
10339.jpg,0.3761,0.45235,0.171551
10340.jpg,0.966197,0.0282819,0.00552149
10341.jpg,0.563675,0.418947,0.0173779
10342.jpg,0.0349568,0.44558,0.519463
10343.jpg,0.880534,0.0996493,0.0198162
10344.jpg,0.0752148,0.426646,0.498139
10345.jpg,0.00553773,0.0402073,0.954255
10346.jpg,0.00805426,0.976368,0.0155774
10347.jpg,0.0834048,0.909583,0.00701181
10348.jpg,0.021473,0.35809,0.620437
10349.jpg,0.0128544,0.978915,0.00823029
10350.jpg,0.00743607,0.239316,0.753248
10351.jpg,0.0165384,0.905116,0.0783459
10352.jpg,0.738511,0.248422,0.0130669
10353.jpg,0.00712683,0.033861,0.959012
10354.jpg,0.011251,0.977491,0.0112578
10355.jpg,0.0144435,0.488739,0.496817
10356.jpg,0.00538845,0.0241535,0.970458
10357.jpg,0.804854,0.173729,0.021417
10358.jpg,0.0188162,0.185034,0.79615
10359.jpg,0.0137377,0.952589,0.0336735
10360.jpg,0.23429,0.700808,0.064902
10361.jpg,0.00989036,0.986269,0.00384081
10362.jpg,0.0249816,0.967308,0.00770997
10363.jpg,0.0341559,0.481932,0.483912
10364.jpg,0.897932,0.076552,0.0255158
10365.jpg,0.0498644,0.64502,0.305116
10366.jpg,0.00579983,0.104262,0.889938
10367.jpg,0.957416,0.0304655,0.0121186
10368.jpg,0.00803983,0.980379,0.0115816
10369.jpg,0.317427,0.649889,0.0326843
10370.jpg,0.926773,0.0657143,0.00751253
10371.jpg,0.935413,0.0518587,0.0127281
10372.jpg,0.0126926,0.980229,0.00707891
10373.jpg,0.00794502,0.0286899,0.963365
10374.jpg,0.0283913,0.931612,0.0399966
10375.jpg,0.01112,0.974632,0.0142477
10376.jpg,0.942811,0.0508776,0.00631149
10377.jpg,0.107909,0.597499,0.294592
10378.jpg,0.0122359,0.033987,0.953777
10379.jpg,0.00557786,0.0454573,0.948965
10380.jpg,0.0148492,0.969981,0.01517
10381.jpg,0.0103706,0.0372468,0.952383
10382.jpg,0.0249649,0.949821,0.0252142
10383.jpg,0.0439529,0.94643,0.00961728
10384.jpg,0.32135,0.649186,0.0294639
10385.jpg,0.946682,0.0457064,0.00761197
10386.jpg,0.0289286,0.0646907,0.906381
10387.jpg,0.054984,0.615231,0.329785
10388.jpg,0.00729159,0.97811,0.0145984
10389.jpg,0.0289727,0.261505,0.709522
10390.jpg,0.893121,0.0909907,0.0158882
10391.jpg,0.0100631,0.0238514,0.966086
10392.jpg,0.143796,0.115564,0.74064
10393.jpg,0.0266638,0.481317,0.492019
10394.jpg,0.0449417,0.141861,0.813197
10395.jpg,0.00835832,0.982315,0.00932691
10396.jpg,0.883024,0.0989161,0.0180595
10397.jpg,0.0127986,0.977952,0.00924901
10398.jpg,0.025536,0.967789,0.00667548
10399.jpg,0.0133393,0.161095,0.825566
10400.jpg,0.0387307,0.946208,0.0150609
10401.jpg,0.645596,0.347555,0.00684893
10402.jpg,0.958604,0.0349689,0.0064269
10403.jpg,0.0198028,0.0732618,0.906935
10404.jpg,0.033813,0.91552,0.0506664
10405.jpg,0.175862,0.378381,0.445757
10406.jpg,0.134104,0.82512,0.0407751
10407.jpg,0.861898,0.0982125,0.0398894
10408.jpg,0.0268784,0.957794,0.0153274
10409.jpg,0.0231652,0.925575,0.0512601
10410.jpg,0.0268679,0.96547,0.00766183
10411.jpg,0.0221538,0.91074,0.0671065
10412.jpg,0.943543,0.0351908,0.0212666
10413.jpg,0.0209139,0.215661,0.763425
10414.jpg,0.0145329,0.476173,0.509294
10415.jpg,0.0233444,0.969756,0.00689995
10416.jpg,0.00596127,0.0362809,0.957758
10417.jpg,0.018356,0.963269,0.0183752
10418.jpg,0.00677294,0.981492,0.0117349
10419.jpg,0.0389474,0.441669,0.519384
10420.jpg,0.908808,0.0650734,0.0261187
10421.jpg,0.0147139,0.970612,0.0146738
10422.jpg,0.113529,0.778777,0.107694
10423.jpg,0.0239269,0.876949,0.0991239
10424.jpg,0.0333796,0.146508,0.820113
10425.jpg,0.0603634,0.919627,0.0200098
10426.jpg,0.465082,0.464199,0.0707198
10427.jpg,0.0164469,0.892131,0.0914217
10428.jpg,0.0202936,0.921782,0.0579244
10429.jpg,0.626326,0.354318,0.0193562
10430.jpg,0.062139,0.706495,0.231366
10431.jpg,0.138147,0.544734,0.317118
10432.jpg,0.00850585,0.0557675,0.935727
10433.jpg,0.0353658,0.958968,0.00566641
10434.jpg,0.00516316,0.0344083,0.960429
10435.jpg,0.00677134,0.0229568,0.970272
10436.jpg,0.0506572,0.93493,0.0144129
10437.jpg,0.0153015,0.972245,0.0124534
10438.jpg,0.00897942,0.031879,0.959142
10439.jpg,0.0107541,0.596684,0.392562
10440.jpg,0.0111522,0.0735827,0.915265
10441.jpg,0.0350025,0.901283,0.0637146
10442.jpg,0.0819689,0.379437,0.538594
10443.jpg,0.0242201,0.113524,0.862256
10444.jpg,0.0217849,0.899434,0.0787814
10445.jpg,0.948544,0.0362945,0.0151615
10446.jpg,0.95941,0.0357804,0.00480933
10447.jpg,0.0408189,0.91993,0.0392512
10448.jpg,0.0143219,0.18965,0.796029
10449.jpg,0.0249147,0.962778,0.0123073
10450.jpg,0.0336433,0.793396,0.172961
10451.jpg,0.930425,0.0564193,0.0131557
10452.jpg,0.0576334,0.936778,0.00558862
10453.jpg,0.681794,0.309306,0.00890084
10454.jpg,0.854728,0.106269,0.0390027
10455.jpg,0.0116129,0.97915,0.0092373
10456.jpg,0.0127107,0.116073,0.871216
10457.jpg,0.914641,0.0611093,0.0242501
10458.jpg,0.191581,0.538312,0.270106
10459.jpg,0.00650242,0.0320766,0.961421
10460.jpg,0.0112061,0.0656693,0.923125
10461.jpg,0.242371,0.718711,0.0389185
10462.jpg,0.0110881,0.0305735,0.958338
10463.jpg,0.00632876,0.972321,0.0213501
10464.jpg,0.0113883,0.742323,0.246289
10465.jpg,0.0110576,0.0414035,0.947539
10466.jpg,0.00517524,0.0494284,0.945396
10467.jpg,0.0300078,0.951301,0.0186907
10468.jpg,0.122245,0.755235,0.12252
10469.jpg,0.0226575,0.0827748,0.894568
10470.jpg,0.0517686,0.443279,0.504952
10471.jpg,0.0227494,0.0396495,0.937601
10472.jpg,0.375423,0.604075,0.0205019
10473.jpg,0.0372883,0.839014,0.123698
10474.jpg,0.0155806,0.0612361,0.923183
10475.jpg,0.279574,0.702789,0.0176371
10476.jpg,0.823873,0.0890289,0.0870977
10477.jpg,0.00856039,0.0457193,0.94572
10478.jpg,0.00875259,0.0253409,0.965907
10479.jpg,0.134293,0.782159,0.0835478
10480.jpg,0.0135336,0.649267,0.337199
10481.jpg,0.0152457,0.0700891,0.914665
10482.jpg,0.00609043,0.0513056,0.942604
10483.jpg,0.0070218,0.909007,0.0839711
10484.jpg,0.0319951,0.96262,0.00538467
10485.jpg,0.927892,0.0455885,0.026519
10486.jpg,0.0178377,0.978373,0.00378986
10487.jpg,0.253349,0.393933,0.352718
10488.jpg,0.0101547,0.96931,0.020535
10489.jpg,0.0105783,0.986886,0.00253566
10490.jpg,0.0275687,0.968776,0.00365498
10491.jpg,0.43029,0.54757,0.02214
10492.jpg,0.148311,0.714006,0.137684
10493.jpg,0.0205689,0.886863,0.0925682
10494.jpg,0.0159448,0.980977,0.00307791
10495.jpg,0.430987,0.488823,0.0801901
10496.jpg,0.0156903,0.089461,0.894849
10497.jpg,0.0139445,0.0757384,0.910317
10498.jpg,0.00851666,0.0702243,0.921259
10499.jpg,0.0058998,0.983011,0.0110892
10500.jpg,0.315664,0.625563,0.0587735
10501.jpg,0.00911006,0.971976,0.0189138
10502.jpg,0.032449,0.0931154,0.874436
10503.jpg,0.00955624,0.0423778,0.948066
10504.jpg,0.164635,0.722908,0.112457
10505.jpg,0.00810573,0.0249576,0.966937
10506.jpg,0.932068,0.0574798,0.0104523
10507.jpg,0.027179,0.934874,0.037947
10508.jpg,0.0643231,0.917391,0.0182854
10509.jpg,0.0136061,0.939342,0.0470516
10510.jpg,0.00924284,0.0355611,0.955196
10511.jpg,0.00603645,0.0545259,0.939438
10512.jpg,0.0382685,0.78277,0.178961
10513.jpg,0.0115423,0.984824,0.00363348
10514.jpg,0.957633,0.0377661,0.0046007
10515.jpg,0.0324765,0.475251,0.492273
10516.jpg,0.00785831,0.982226,0.00991551
10517.jpg,0.0046663,0.0339219,0.961412
10518.jpg,0.00880115,0.119114,0.872085
10519.jpg,0.0182661,0.955896,0.0258377
10520.jpg,0.0383941,0.262739,0.698867
10521.jpg,0.011742,0.0430859,0.945172
10522.jpg,0.0106596,0.97618,0.0131605
10523.jpg,0.0147165,0.922544,0.0627391
10524.jpg,0.570257,0.40388,0.0258629
10525.jpg,0.0110799,0.0436662,0.945254
10526.jpg,0.0151618,0.979911,0.00492724
10527.jpg,0.00680518,0.0498204,0.943374
10528.jpg,0.0229252,0.96691,0.0101647
10529.jpg,0.019201,0.942133,0.0386659
10530.jpg,0.0164721,0.941523,0.0420051
10531.jpg,0.00489236,0.0337403,0.961367
10532.jpg,0.263689,0.720212,0.0160994
10533.jpg,0.0234871,0.59529,0.381223
10534.jpg,0.0999787,0.875647,0.0243739
10535.jpg,0.0164532,0.671173,0.312374
10536.jpg,0.0227011,0.923242,0.0540572
10537.jpg,0.968829,0.0231897,0.00798173
10538.jpg,0.0298502,0.942057,0.0280932
10539.jpg,0.00823241,0.984288,0.00747984
10540.jpg,0.0123522,0.894912,0.0927359
10541.jpg,0.0163932,0.944138,0.0394691
10542.jpg,0.911153,0.0780044,0.0108424
10543.jpg,0.953365,0.0391173,0.00751785
10544.jpg,0.653041,0.337251,0.00970828
10545.jpg,0.972261,0.0200668,0.00767169
10546.jpg,0.622594,0.337408,0.0399974
10547.jpg,0.0228348,0.960967,0.0161986
10548.jpg,0.0172183,0.977815,0.00496698
